%YAML:1.0
---
Matches: [ 0, 161, 0, 151., 1, 161, 0, 120., 2, 161, 0, 155., 3, 3, 0,
    74., 4, 2, 0, 30., 5, 161, 0, 139., 6, 161, 0, 118., 7, 4, 0, 10., 8,
    5, 0, 53., 9, 86, 0, 103., 10, 271, 0, 117., 11, 161, 0, 127., 12, 7,
    0, 14., 13, 8, 0, 57., 14, 161, 0, 119., 15, 9, 0, 35., 16, 12, 0,
    31., 17, 161, 0, 111., 18, 13, 0, 18., 19, 161, 0, 150., 20, 14, 0,
    11., 21, 1, 0, 111., 22, 16, 0, 104., 23, 17, 0, 86., 24, 18, 0, 5.,
    25, 20, 0, 37., 26, 19, 0, 16., 27, 161, 0, 127., 28, 21, 0, 9., 29,
    161, 0, 129., 30, 161, 0, 125., 31, 161, 0, 136., 32, 25, 0, 39., 33,
    151, 0, 85., 34, 28, 0, 90., 35, 29, 0, 100., 36, 111, 0, 154., 37,
    3, 0, 113., 38, 33, 0, 23., 39, 32, 0, 18., 40, 35, 0, 41., 41, 161,
    0, 144., 42, 491, 0, 164., 43, 38, 0, 7., 44, 39, 0, 12., 45, 183, 0,
    121., 46, 41, 0, 27., 47, 414, 0, 125., 48, 527, 0, 166., 49, 161, 0,
    116., 50, 202, 0, 130., 51, 161, 0, 130., 52, 357, 0, 86., 53, 15, 0,
    121., 54, 161, 0, 119., 55, 161, 0, 143., 56, 161, 0, 146., 57, 161,
    0, 115., 58, 27, 0, 91., 59, 50, 0, 33., 60, 491, 0, 186., 61, 52, 0,
    86., 62, 491, 0, 166., 63, 270, 0, 96., 64, 16, 0, 129., 65, 161, 0,
    144., 66, 161, 0, 147., 67, 341, 0, 124., 68, 414, 0, 143., 69, 59,
    0, 17., 70, 414, 0, 134., 71, 57, 0, 16., 72, 524, 0, 108., 73, 264,
    0, 165., 74, 161, 0, 161., 75, 63, 0, 99., 76, 62, 0, 45., 77, 300,
    0, 129., 78, 161, 0, 149., 79, 64, 0, 17., 80, 161, 0, 167., 81, 111,
    0, 167., 82, 16, 0, 143., 83, 70, 0, 23., 84, 161, 0, 125., 85, 264,
    0, 143., 86, 68, 0, 88., 87, 69, 0, 34., 88, 71, 0, 16., 89, 75, 0,
    31., 90, 161, 0, 134., 91, 77, 0, 70., 92, 79, 0, 78., 93, 493, 0,
    103., 94, 125, 0, 109., 95, 81, 0, 19., 96, 83, 0, 69., 97, 279, 0,
    143., 98, 161, 0, 133., 99, 357, 0, 115., 100, 86, 0, 24., 101, 88,
    0, 24., 102, 161, 0, 140., 103, 267, 0, 127., 104, 470, 0, 139., 105,
    161, 0, 121., 106, 184, 0, 135., 107, 269, 0, 118., 108, 97, 0, 15.,
    109, 161, 0, 140., 110, 146, 0, 87., 111, 101, 0, 20., 112, 558, 0,
    155., 113, 161, 0, 105., 114, 103, 0, 14., 115, 102, 0, 116., 116,
    397, 0, 112., 117, 108, 0, 16., 118, 491, 0, 148., 119, 161, 0, 134.,
    120, 161, 0, 131., 121, 491, 0, 154., 122, 107, 0, 117., 123, 110, 0,
    78., 124, 161, 0, 133., 125, 310, 0, 136., 126, 113, 0, 16., 127,
    324, 0, 120., 128, 228, 0, 127., 129, 104, 0, 103., 130, 161, 0,
    122., 131, 112, 0, 98., 132, 161, 0, 142., 133, 288, 0, 92., 134,
    161, 0, 151., 135, 414, 0, 143., 136, 289, 0, 82., 137, 161, 0, 135.,
    138, 120, 0, 21., 139, 123, 0, 22., 140, 161, 0, 146., 141, 359, 0,
    155., 142, 161, 0, 149., 143, 124, 0, 42., 144, 128, 0, 19., 145,
    130, 0, 33., 146, 129, 0, 43., 147, 130, 0, 94., 148, 134, 0, 40.,
    149, 161, 0, 135., 150, 469, 0, 149., 151, 135, 0, 36., 152, 423, 0,
    34., 153, 421, 0, 47., 154, 161, 0, 137., 155, 138, 0, 52., 156, 140,
    0, 28., 157, 142, 0, 41., 158, 141, 0, 47., 159, 161, 0, 138., 160,
    161, 0, 133., 161, 144, 0, 58., 162, 491, 0, 162., 163, 540, 0, 143.,
    164, 111, 0, 159., 165, 161, 0, 119., 166, 147, 0, 61., 167, 149, 0,
    78., 168, 161, 0, 125., 169, 294, 0, 9., 170, 491, 0, 164., 171, 153,
    0, 39., 172, 154, 0, 50., 173, 155, 0, 37., 174, 437, 0, 59., 175,
    158, 0, 30., 176, 158, 0, 95., 177, 162, 0, 82., 178, 161, 0, 90.,
    179, 161, 0, 99., 180, 161, 0, 102., 181, 161, 0, 120., 182, 169, 0,
    26., 183, 161, 0, 114., 184, 161, 0, 120., 185, 52, 0, 87., 186, 171,
    0, 31., 187, 443, 0, 107., 188, 161, 0, 137., 189, 161, 0, 131., 190,
    445, 0, 55., 191, 443, 0, 86., 192, 161, 0, 141., 193, 177, 0, 41.,
    194, 176, 0, 50., 195, 161, 0, 121., 196, 179, 0, 25., 197, 341, 0,
    149., 198, 181, 0, 18., 199, 161, 0, 154., 200, 182, 0, 50., 201,
    184, 0, 6., 202, 183, 0, 77., 203, 185, 0, 31., 204, 161, 0, 140.,
    205, 187, 0, 23., 206, 189, 0, 62., 207, 341, 0, 140., 208, 192, 0,
    137., 209, 190, 0, 34., 210, 264, 0, 131., 211, 161, 0, 128., 212,
    193, 0, 43., 213, 199, 0, 54., 214, 198, 0, 25., 215, 264, 0, 143.,
    216, 161, 0, 144., 217, 200, 0, 29., 218, 202, 0, 55., 219, 161, 0,
    166., 220, 200, 0, 66., 221, 204, 0, 38., 222, 161, 0, 140., 223,
    113, 0, 181., 224, 208, 0, 46., 225, 206, 0, 36., 226, 211, 0, 19.,
    227, 210, 0, 67., 228, 209, 0, 66., 229, 143, 0, 135., 230, 161, 0,
    151., 231, 217, 0, 28., 232, 215, 0, 65., 233, 214, 0, 98., 234, 117,
    0, 120., 235, 220, 0, 6., 236, 219, 0, 50., 237, 221, 0, 98., 238,
    222, 0, 46., 239, 223, 0, 21., 240, 119, 0, 119., 241, 417, 0, 187.,
    242, 359, 0, 141., 243, 229, 0, 87., 244, 491, 0, 131., 245, 228, 0,
    71., 246, 227, 0, 48., 247, 359, 0, 161., 248, 232, 0, 29., 249, 576,
    0, 140., 250, 161, 0, 136., 251, 309, 0, 115., 252, 235, 0, 21., 253,
    161, 0, 159., 254, 241, 0, 81., 255, 238, 0, 166., 256, 246, 0, 115.,
    257, 242, 0, 47., 258, 240, 0, 51., 259, 491, 0, 158., 260, 161, 0,
    122., 261, 161, 0, 122., 262, 161, 0, 115., 263, 161, 0, 133., 264,
    161, 0, 131., 265, 111, 0, 157., 266, 161, 0, 110., 267, 161, 0,
    116., 268, 161, 0, 138., 269, 161, 0, 116., 270, 161, 0, 105., 271,
    161, 0, 119., 272, 16, 0, 131., 273, 161, 0, 137., 274, 161, 0, 108.,
    275, 259, 0, 20., 276, 260, 0, 69., 277, 261, 0, 54., 278, 431, 0,
    121., 279, 262, 0, 27., 280, 265, 0, 11., 281, 266, 0, 18., 282, 87,
    0, 105., 283, 268, 0, 89., 284, 269, 0, 24., 285, 267, 0, 11., 286,
    182, 0, 113., 287, 403, 0, 144., 288, 273, 0, 45., 289, 274, 0, 87.,
    290, 275, 0, 22., 291, 364, 0, 129., 292, 387, 0, 133., 293, 278, 0,
    28., 294, 280, 0, 57., 295, 84, 0, 94., 296, 294, 0, 87., 297, 282,
    0, 136., 298, 96, 0, 92., 299, 520, 0, 143., 300, 106, 0, 17., 301,
    133, 0, 133., 302, 407, 0, 107., 303, 292, 0, 19., 304, 291, 0, 61.,
    305, 291, 0, 92., 306, 426, 0, 142., 307, 428, 0, 99., 308, 433, 0,
    48., 309, 252, 0, 113., 310, 295, 0, 16., 311, 160, 0, 80., 312, 296,
    0, 8., 313, 298, 0, 14., 314, 447, 0, 100., 315, 297, 0, 50., 316,
    300, 0, 17., 317, 301, 0, 15., 318, 182, 0, 111., 319, 302, 0, 7.,
    320, 194, 0, 110., 321, 461, 0, 101., 322, 305, 0, 13., 323, 194, 0,
    67., 324, 306, 0, 39., 325, 488, 0, 100., 326, 310, 0, 25., 327, 428,
    0, 129., 328, 243, 0, 95., 329, 311, 0, 63., 330, 312, 0, 34., 331,
    290, 0, 134., 332, 313, 0, 11., 333, 100, 0, 119., 334, 24, 0, 101.,
    335, 314, 0, 76., 336, 338, 0, 133., 337, 54, 0, 104., 338, 316, 0,
    19., 339, 224, 0, 114., 340, 67, 0, 32., 341, 317, 0, 24., 342, 23,
    0, 125., 343, 131, 0, 50., 344, 320, 0, 36., 345, 322, 0, 14., 346,
    323, 0, 16., 347, 324, 0, 13., 348, 325, 0, 30., 349, 326, 0, 22.,
    350, 216, 0, 30., 351, 327, 0, 119., 352, 328, 0, 61., 353, 329, 0,
    52., 354, 330, 0, 62., 355, 332, 0, 78., 356, 331, 0, 13., 357, 333,
    0, 20., 358, 47, 0, 118., 359, 0, 0, 126., 360, 335, 0, 20., 361,
    336, 0, 64., 362, 337, 0, 78., 363, 338, 0, 73., 364, 339, 0, 56.,
    365, 340, 0, 12., 366, 341, 0, 17., 367, 25, 0, 121., 368, 398, 0,
    114., 369, 109, 0, 117., 370, 346, 0, 35., 371, 27, 0, 101., 372,
    429, 0, 80., 373, 350, 0, 46., 374, 352, 0, 36., 375, 87, 0, 125.,
    376, 354, 0, 18., 377, 40, 0, 137., 378, 357, 0, 82., 379, 499, 0,
    130., 380, 268, 0, 110., 381, 269, 0, 47., 382, 210, 0, 121., 383,
    252, 0, 142., 384, 27, 0, 84., 385, 363, 0, 100., 386, 473, 0, 119.,
    387, 205, 0, 136., 388, 52, 0, 86., 389, 467, 0, 117., 390, 368, 0,
    31., 391, 59, 0, 119., 392, 369, 0, 53., 393, 367, 0, 106., 394, 371,
    0, 83., 395, 513, 0, 128., 396, 372, 0, 16., 397, 374, 0, 26., 398,
    375, 0, 17., 399, 246, 0, 111., 400, 267, 0, 117., 401, 377, 0, 15.,
    402, 364, 0, 113., 403, 376, 0, 88., 404, 520, 0, 138., 405, 137, 0,
    144., 406, 69, 0, 111., 407, 382, 0, 55., 408, 616, 0, 135., 409,
    386, 0, 35., 410, 383, 0, 80., 411, 381, 0, 119., 412, 338, 0, 108.,
    413, 214, 0, 124., 414, 388, 0, 45., 415, 390, 0, 68., 416, 181, 0,
