%YAML:1.0
---
Matches: [ 0, 161, 0, 4548., 1, 568, 0, 3981., 2, 264, 0, 4832., 3, 3, 0,
    2030., 4, 2, 0, 1146., 5, 161, 0, 4082., 6, 264, 0, 3880., 7, 4, 0,
    108., 8, 5, 0, 1875., 9, 416, 0, 2875., 10, 257, 0, 3101., 11, 161,
    0, 4293., 12, 7, 0, 316., 13, 8, 0, 1857., 14, 161, 0, 3893., 15, 9,
    0, 1214., 16, 12, 0, 840., 17, 161, 0, 3431., 18, 13, 0, 549., 19,
    161, 0, 4797., 20, 14, 0, 412., 21, 343, 0, 2911., 22, 16, 0, 3567.,
    23, 17, 0, 2351., 24, 18, 0, 49., 25, 20, 0, 1069., 26, 19, 0, 328.,
    27, 568, 0, 4015., 28, 21, 0, 321., 29, 161, 0, 4015., 30, 568, 0,
    3985., 31, 568, 0, 4259., 32, 25, 0, 1104., 33, 151, 0, 2265., 34,
    28, 0, 2858., 35, 29, 0, 2786., 36, 491, 0, 5119., 37, 3, 0, 3105.,
    38, 33, 0, 894., 39, 32, 0, 878., 40, 35, 0, 1059., 41, 568, 0,
    4246., 42, 491, 0, 5023., 43, 38, 0, 61., 44, 39, 0, 201., 45, 44, 0,
    3115., 46, 41, 0, 770., 47, 417, 0, 4121., 48, 290, 0, 5324., 49,
    161, 0, 3689., 50, 16, 0, 4151., 51, 161, 0, 3865., 52, 363, 0,
    2512., 53, 87, 0, 2903., 54, 568, 0, 3612., 55, 161, 0, 4146., 56,
    161, 0, 4278., 57, 568, 0, 3374., 58, 27, 0, 1839., 59, 50, 0, 1055.,
    60, 462, 0, 5307., 61, 52, 0, 2717., 62, 491, 0, 4711., 63, 467, 0,
    2689., 64, 481, 0, 3879., 65, 290, 0, 4559., 66, 290, 0, 4571., 67,
    396, 0, 3145., 68, 417, 0, 4473., 69, 59, 0, 344., 70, 16, 0, 4281.,
    71, 57, 0, 432., 72, 524, 0, 2748., 73, 264, 0, 5195., 74, 264, 0,
    4733., 75, 63, 0, 2595., 76, 62, 0, 1400., 77, 300, 0, 3458., 78,
    392, 0, 4857., 79, 64, 0, 586., 80, 42, 0, 5030., 81, 111, 0, 5188.,
    82, 264, 0, 4416., 83, 70, 0, 697., 84, 161, 0, 3739., 85, 359, 0,
    4306., 86, 68, 0, 2923., 87, 69, 0, 939., 88, 71, 0, 344., 89, 75, 0,
    934., 90, 161, 0, 4437., 91, 77, 0, 2137., 92, 79, 0, 2521., 93, 493,
    0, 2331., 94, 324, 0, 3004., 95, 81, 0, 636., 96, 83, 0, 2356., 97,
    577, 0, 3948., 98, 161, 0, 4141., 99, 584, 0, 2920., 100, 86, 0,
    854., 101, 88, 0, 521., 102, 161, 0, 4413., 103, 267, 0, 3371., 104,
    327, 0, 3691., 105, 161, 0, 3900., 106, 563, 0, 3784., 107, 269, 0,
    3280., 108, 97, 0, 334., 109, 264, 0, 4411., 110, 441, 0, 2369., 111,
    101, 0, 510., 112, 466, 0, 3907., 113, 161, 0, 3527., 114, 103, 0,
    194., 115, 58, 0, 3344., 116, 299, 0, 3003., 117, 108, 0, 560., 118,
    491, 0, 4639., 119, 161, 0, 4380., 120, 161, 0, 4024., 121, 491, 0,
    4674., 122, 158, 0, 2826., 123, 110, 0, 2332., 124, 161, 0, 3946.,
    125, 310, 0, 3757., 126, 113, 0, 543., 127, 25, 0, 3219., 128, 142,
    0, 3423., 129, 318, 0, 3075., 130, 161, 0, 3819., 131, 112, 0, 2310.,
    132, 161, 0, 4375., 133, 288, 0, 2711., 134, 264, 0, 4574., 135, 491,
    0, 4532., 136, 289, 0, 2703., 137, 161, 0, 4509., 138, 120, 0, 497.,
    139, 123, 0, 508., 140, 161, 0, 4679., 141, 290, 0, 4362., 142, 392,
    0, 4762., 143, 124, 0, 1522., 144, 128, 0, 926., 145, 130, 0, 1093.,
    146, 129, 0, 1645., 147, 130, 0, 2708., 148, 134, 0, 1262., 149, 161,
    0, 4000., 150, 16, 0, 4246., 151, 135, 0, 597., 152, 423, 0, 1439.,
    153, 421, 0, 1258., 154, 568, 0, 4349., 155, 138, 0, 1693., 156, 140,
    0, 823., 157, 142, 0, 1725., 158, 141, 0, 1578., 159, 161, 0, 4319.,
    160, 264, 0, 3943., 161, 144, 0, 1888., 162, 491, 0, 4435., 163, 145,
    0, 3758., 164, 264, 0, 4723., 165, 161, 0, 3926., 166, 147, 0, 1946.,
    167, 149, 0, 2324., 168, 568, 0, 4017., 169, 294, 0, 139., 170, 491,
    0, 4801., 171, 153, 0, 1125., 172, 154, 0, 1194., 173, 155, 0, 1080.,
    174, 437, 0, 1863., 175, 158, 0, 678., 176, 21, 0, 2018., 177, 162,
    0, 2203., 178, 161, 0, 3332., 179, 161, 0, 3552., 180, 161, 0, 3481.,
    181, 161, 0, 3814., 182, 169, 0, 753., 183, 161, 0, 3592., 184, 161,
    0, 3922., 185, 170, 0, 2079., 186, 171, 0, 770., 187, 165, 0, 2931.,
    188, 568, 0, 4340., 189, 264, 0, 4142., 190, 445, 0, 1557., 191, 443,
    0, 2879., 192, 161, 0, 4272., 193, 177, 0, 846., 194, 176, 0, 1651.,
    195, 161, 0, 3796., 196, 179, 0, 714., 197, 180, 0, 4548., 198, 181,
    0, 450., 199, 568, 0, 4540., 200, 182, 0, 1698., 201, 184, 0, 137.,
    202, 183, 0, 2018., 203, 185, 0, 1103., 204, 264, 0, 4255., 205, 187,
    0, 818., 206, 189, 0, 1832., 207, 568, 0, 4397., 208, 221, 0, 3577.,
    209, 190, 0, 712., 210, 359, 0, 4110., 211, 568, 0, 4202., 212, 193,
    0, 1296., 213, 199, 0, 1756., 214, 198, 0, 907., 215, 264, 0, 4712.,
    216, 568, 0, 4605., 217, 200, 0, 727., 218, 202, 0, 1597., 219, 264,
    0, 4515., 220, 200, 0, 1854., 221, 204, 0, 1144., 222, 161, 0, 4414.,
    223, 264, 0, 4943., 224, 208, 0, 1178., 225, 206, 0, 1415., 226, 211,
    0, 813., 227, 210, 0, 2259., 228, 209, 0, 1940., 229, 143, 0, 3173.,
    230, 264, 0, 4648., 231, 217, 0, 1335., 232, 215, 0, 1992., 233, 214,
    0, 3082., 234, 108, 0, 3199., 235, 220, 0, 229., 236, 219, 0, 1968.,
    237, 221, 0, 2608., 238, 222, 0, 1378., 239, 223, 0, 786., 240, 119,
    0, 2702., 241, 112, 0, 5506., 242, 359, 0, 4144., 243, 229, 0, 2750.,
    244, 491, 0, 3538., 245, 228, 0, 2299., 246, 227, 0, 1648., 247, 359,
    0, 4541., 248, 232, 0, 820., 249, 228, 0, 3906., 250, 264, 0, 4350.,
    251, 309, 0, 2162., 252, 235, 0, 529., 253, 111, 0, 4794., 254, 237,
    0, 1929., 255, 290, 0, 5222., 256, 151, 0, 3527., 257, 242, 0, 1333.,
    258, 240, 0, 1282., 259, 491, 0, 4213., 260, 161, 0, 3879., 261, 161,
    0, 4054., 262, 161, 0, 3707., 263, 264, 0, 4272., 264, 161, 0, 4393.,
    265, 264, 0, 4745., 266, 264, 0, 3906., 267, 264, 0, 3971., 268, 161,
    0, 4086., 269, 264, 0, 3897., 270, 161, 0, 3762., 271, 264, 0, 3746.,
    272, 202, 0, 4216., 273, 290, 0, 4210., 274, 161, 0, 3737., 275, 259,
    0, 444., 276, 260, 0, 1693., 277, 261, 0, 2139., 278, 334, 0, 2570.,
    279, 262, 0, 652., 280, 265, 0, 506., 281, 266, 0, 534., 282, 87, 0,
    2848., 283, 268, 0, 2374., 284, 269, 0, 388., 285, 267, 0, 353., 286,
    182, 0, 2638., 287, 414, 0, 3931., 288, 273, 0, 1520., 289, 274, 0,
    2443., 290, 275, 0, 776., 291, 364, 0, 3507., 292, 387, 0, 3530.,
    293, 278, 0, 860., 294, 280, 0, 1188., 295, 104, 0, 2736., 296, 294,
    0, 1734., 297, 282, 0, 3687., 298, 96, 0, 2145., 299, 475, 0, 3768.,
    300, 106, 0, 303., 301, 97, 0, 3897., 302, 407, 0, 3181., 303, 292,
    0, 550., 304, 291, 0, 1527., 305, 302, 0, 2854., 306, 284, 0, 3175.,
    307, 428, 0, 2818., 308, 433, 0, 1745., 309, 252, 0, 2857., 310, 295,
    0, 385., 311, 160, 0, 1963., 312, 296, 0, 322., 313, 298, 0, 618.,
    314, 447, 0, 3644., 315, 297, 0, 1430., 316, 300, 0, 436., 317, 301,
    0, 265., 318, 182, 0, 2758., 319, 302, 0, 97., 320, 303, 0, 2823.,
    321, 304, 0, 3007., 322, 305, 0, 351., 323, 194, 0, 2479., 324, 306,
    0, 1238., 325, 488, 0, 2987., 326, 310, 0, 403., 327, 142, 0, 3412.,
    328, 243, 0, 2609., 329, 311, 0, 2029., 330, 312, 0, 1029., 331, 417,
    0, 3934., 332, 313, 0, 301., 333, 100, 0, 2814., 334, 24, 0, 3008.,
    335, 314, 0, 3042., 336, 439, 0, 3630., 337, 54, 0, 2427., 338, 316,
    0, 450., 339, 224, 0, 3242., 340, 67, 0, 1011., 341, 317, 0, 661.,
    342, 96, 0, 3186., 343, 131, 0, 1441., 344, 320, 0, 1289., 345, 322,
    0, 618., 346, 323, 0, 487., 347, 324, 0, 493., 348, 325, 0, 979.,
    349, 326, 0, 655., 350, 216, 0, 886., 351, 234, 0, 3228., 352, 328,
    0, 1599., 353, 329, 0, 1244., 354, 330, 0, 1885., 355, 332, 0, 2266.,
    356, 331, 0, 438., 357, 333, 0, 946., 358, 47, 0, 3132., 359, 47, 0,
    2879., 360, 335, 0, 695., 361, 336, 0, 1612., 362, 337, 0, 2236.,
    363, 338, 0, 1761., 364, 339, 0, 1758., 365, 340, 0, 324., 366, 341,
    0, 473., 367, 25, 0, 3150., 368, 558, 0, 3898., 369, 429, 0, 3157.,
    370, 346, 0, 1294., 371, 177, 0, 2424., 372, 429, 0, 2718., 373, 350,
    0, 762., 374, 352, 0, 856., 375, 371, 0, 3491., 376, 354, 0, 414.,
    377, 448, 0, 3152., 378, 357, 0, 1759., 379, 499, 0, 3225., 380, 359,
    0, 2883., 381, 269, 0, 957., 382, 210, 0, 2815., 383, 602, 0, 3473.,
    384, 27, 0, 2420., 385, 363, 0, 3210., 386, 364, 0, 2702., 387, 205,
