%YAML:1.0
---
Matches: [ 2, 2, 0, 8.1907230615615845e-01, 3, 1, 0,
    1.7717404663562775e-01, 5, 3, 0, 2.8252014517784119e-01, 6, 4, 0,
    3.1294482946395874e-01, 7, 5, 0, 2.0415019989013672e+00, 8, 311, 0,
    2.5164785385131836e+00, 9, 6, 0, 5.3080713748931885e-01, 10, 7, 0,
    6.3057374954223633e-01, 12, 8, 0, 2.8426194190979004e-01, 13, 11, 0,
    4.3848305940628052e-01, 15, 12, 0, 4.6529003977775574e-01, 16, 13, 0,
    3.2062470912933350e-01, 17, 14, 0, 5.4264938831329346e-01, 19, 16, 0,
    4.9991336464881897e-01, 20, 17, 0, 4.6072214841842651e-01, 21, 19, 0,
    6.5643978118896484e-01, 22, 18, 0, 2.6238554716110229e-01, 23, 20, 0,
    2.8731995820999146e-01, 26, 23, 0, 5.4980003833770752e-01, 27, 25, 0,
    4.5686626434326172e-01, 28, 26, 0, 3.7842881679534912e-01, 29, 27, 0,
    5.9952986240386963e-01, 31, 451, 0, 3.4194324016571045e+00, 32, 31,
    0, 5.1314526796340942e-01, 33, 30, 0, 4.1682869195938110e-01, 34, 33,
    0, 3.7302213907241821e-01, 37, 36, 0, 5.2370119094848633e-01, 38, 37,
    0, 4.8543149232864380e-01, 39, 319, 0, 2.8059599399566650e+00, 40,
    39, 0, 5.8802771568298340e-01, 46, 42, 0, 1.9345649480819702e+00, 47,
    324, 0, 2.7719054222106934e+00, 52, 249, 0, 3.0110876560211182e+00,
    53, 48, 0, 5.2175384759902954e-01, 55, 50, 0, 1.9879583120346069e+00,
    57, 249, 0, 2.9064176082611084e+00, 61, 56, 0,
    4.8968911170959473e-01, 63, 57, 0, 4.2633962631225586e-01, 65, 55, 0,
    4.8569566011428833e-01, 66, 63, 0, 3.0016679763793945e+00, 69, 61, 0,
    3.0595419406890869e+00, 70, 60, 0, 4.2897918820381165e-01, 71, 440,
    0, 3.8620219230651855e+00, 73, 62, 0, 5.4527127742767334e-01, 76,
    294, 0, 2.4276659488677979e+00, 79, 65, 0, 9.9759292602539063e-01,
    80, 66, 0, 7.9320448637008667e-01, 81, 68, 0, 5.0224775075912476e-01,
    82, 71, 0, 6.0529482364654541e-01, 84, 73, 0, 1.3917580842971802e+00,
    85, 75, 0, 5.9949070215225220e-01, 86, 74, 0, 8.6819815635681152e-01,
    87, 76, 0, 1.8091373443603516e+00, 88, 77, 0, 1.0157353878021240e+00,
    89, 79, 0, 2.2229075431823730e+00, 90, 353, 0,
    1.6396917104721069e+00, 92, 81, 0, 1.8054778575897217e+00, 93, 82, 0,
    8.6361348628997803e-01, 96, 520, 0, 2.7893457412719727e+00, 97, 78,
    0, 2.6047625541687012e+00, 99, 469, 0, 3.5584595203399658e+00, 100,
    519, 0, 2.9867389202117920e+00, 101, 91, 0, 5.3421533107757568e-01,
    103, 93, 0, 6.7893725633621216e-01, 104, 94, 0,
    5.9704011678695679e-01, 105, 263, 0, 2.5760135650634766e+00, 106, 96,
    0, 5.4601395130157471e-01, 107, 95, 0, 2.3032445907592773e+00, 108,
    98, 0, 5.3485834598541260e-01, 113, 92, 0, 2.6481320858001709e+00,
    114, 103, 0, 6.6480749845504761e-01, 116, 263, 0,
    2.6861410140991211e+00, 117, 106, 0, 5.7090759277343750e-01, 119,
    104, 0, 1.0096598863601685e+00, 120, 295, 0, 2.3729667663574219e+00,
    121, 105, 0, 1.9747843742370605e+00, 123, 267, 0,
    1.6878368854522705e+00, 126, 107, 0, 1.9996612071990967e+00, 127,
    112, 0, 4.9576288461685181e-01, 128, 114, 0, 7.1228045225143433e-01,
    132, 115, 0, 1.1349741220474243e+00, 133, 119, 0,
    3.9757469296455383e-01, 134, 121, 0, 7.5326198339462280e-01, 135,
    120, 0, 1.1555422544479370e+00, 136, 124, 0, 7.5720864534378052e-01,
    140, 126, 0, 8.1766366958618164e-01, 141, 387, 0,
    1.2031131982803345e+00, 142, 385, 0, 1.3973702192306519e+00, 144,
    129, 0, 1.4136083126068115e+00, 145, 131, 0, 1.2002516984939575e+00,
    146, 133, 0, 6.8725228309631348e-01, 147, 132, 0,
    1.4326887130737305e+00, 149, 135, 0, 1.3293907642364502e+00, 151,
    136, 0, 1.5275911092758179e+00, 153, 137, 0, 1.7191869020462036e+00,
    154, 139, 0, 1.5434063673019409e+00, 158, 142, 0,
    1.5401729345321655e+00, 159, 143, 0, 9.8630219697952271e-01, 160,
    144, 0, 6.9713753461837769e-01, 161, 400, 0, 1.8332697153091431e+00,
    162, 147, 0, 7.8442060947418213e-01, 163, 147, 0,
    2.1242859363555908e+00, 164, 151, 0, 5.3584462404251099e-01, 172,
    159, 0, 2.2269611358642578e+00, 173, 160, 0, 7.0366519689559937e-01,
    174, 154, 0, 1.8302036523818970e+00, 177, 408, 0,
    1.1211583614349365e+00, 178, 407, 0, 1.8494189977645874e+00, 181,
    165, 0, 2.1021709442138672e+00, 185, 170, 0, 3.0234852433204651e-01,
    187, 171, 0, 1.6682641506195068e+00, 188, 173, 0,
    4.1254848241806030e-01, 189, 172, 0, 1.2589985132217407e+00, 190,
    174, 0, 6.6647374629974365e-01, 192, 176, 0, 4.1611206531524658e-01,
    193, 177, 0, 1.0150980949401855e+00, 195, 180, 0,
    6.1419147253036499e-01, 196, 178, 0, 9.4723123311996460e-01, 199,
    181, 0, 8.0450856685638428e-01, 200, 187, 0, 4.9431431293487549e-01,
    201, 186, 0, 7.4222463369369507e-01, 204, 188, 0,
    1.0929682254791260e+00, 205, 189, 0, 5.2777558565139771e-01, 207,
    188, 0, 1.2180705070495605e+00, 208, 191, 0, 6.7992120981216431e-01,
    211, 195, 0, 5.8466005325317383e-01, 212, 193, 0,
    4.2159789800643921e-01, 213, 198, 0, 4.4013288617134094e-01, 214,
    197, 0, 8.2762181758880615e-01, 215, 196, 0, 7.8072857856750488e-01,
    216, 199, 0, 5.0675934553146362e-01, 218, 203, 0,
    7.1145117282867432e-01, 219, 201, 0, 5.6718134880065918e-01, 220,
    200, 0, 8.7826699018478394e-01, 221, 204, 0, 2.7995600700378418e+00,
    222, 206, 0, 2.0249904692173004e-01, 223, 205, 0,
    5.2935659885406494e-01, 224, 207, 0, 5.5705392360687256e-01, 225,
    208, 0, 6.8577384948730469e-01, 226, 209, 0, 6.3211888074874878e-01,
    227, 210, 0, 4.9745172262191772e-01, 230, 215, 0,
    5.3929138183593750e-01, 231, 216, 0, 5.3851467370986938e-01, 232,
    214, 0, 1.0450513362884521e+00, 233, 213, 0, 8.0486667156219482e-01,
    235, 218, 0, 7.7220445871353149e-01, 236, 219, 0,
    9.9686306715011597e-01, 238, 286, 0, 1.0811178684234619e+00, 239,
    221, 0, 7.1594810485839844e-01, 254, 239, 0, 1.7162254452705383e-01,
    255, 240, 0, 1.9205145537853241e-01, 256, 309, 0,
    2.7714192867279053e+00, 257, 241, 0, 4.2664968967437744e-01, 258,
    244, 0, 4.1010692715644836e-01, 259, 245, 0, 5.5163973569869995e-01,
    260, 324, 0, 2.7556109428405762e+00, 261, 247, 0,
    9.3422001600265503e-01, 262, 248, 0, 5.1100736856460571e-01, 263,
    246, 0, 4.9119091033935547e-01, 264, 319, 0, 2.8888516426086426e+00,
    265, 46, 0, 2.4676127433776855e+00, 266, 252, 0,
    6.6508924961090088e-01, 267, 253, 0, 1.6723072528839111e+00, 268,
    254, 0, 6.2856370210647583e-01, 269, 442, 0, 3.2818231582641602e+00,
    270, 255, 0, 2.3432192802429199e+00, 271, 257, 0,
    6.1509472131729126e-01, 272, 259, 0, 1.2953100204467773e+00, 273, 80,
    0, 1.2823697328567505e+00, 274, 354, 0, 3.2933490276336670e+00, 275,
    261, 0, 2.4861083030700684e+00, 276, 90, 0, 2.2213637828826904e+00,
    277, 88, 0, 2.4302546977996826e+00, 278, 99, 0,
    1.0101817846298218e+00, 279, 266, 0, 2.7173309326171875e+00, 280,
    377, 0, 1.5478972196578979e+00, 281, 403, 0, 3.3131814002990723e+00,
    282, 270, 0, 1.6020833253860474e+00, 283, 270, 0,
    1.7623354196548462e+00, 284, 390, 0, 2.5036699771881104e+00, 285,
    392, 0, 1.8989713191986084e+00, 286, 6, 0, 2.9277703762054443e+00,
    287, 143, 0, 2.1143381595611572e+00, 288, 272, 0,
    3.7472274899482727e-01, 289, 149, 0, 1.8612455129623413e+00, 290,
    273, 0, 3.7777829170227051e-01, 291, 275, 0, 5.0330048799514771e-01,
    292, 410, 0, 2.5265188217163086e+00, 293, 274, 0,
    1.8208847045898438e+00, 294, 277, 0, 5.0669801235198975e-01, 295,
    278, 0, 6.4859050512313843e-01, 296, 171, 0, 2.0895490646362305e+00,
    297, 279, 0, 1.9789451360702515e-01, 298, 280, 0,
    2.0326356887817383e+00, 299, 423, 0, 6.8507021665573120e-01, 300,
    282, 0, 3.6946076154708862e-01, 301, 182, 0, 8.0513638257980347e-01,
    302, 283, 0, 1.0558671951293945e+00, 303, 285, 0,
    6.8365049362182617e-01, 304, 287, 0, 4.4681259989738464e-01, 305,
    288, 0, 4.7232002019882202e-01, 306, 289, 0, 4.9632474780082703e-01,
    307, 32, 0, 3.2634451389312744e+00, 308, 290, 0,
    4.7895932197570801e-01, 309, 241, 0, 3.1522567272186279e+00, 310,
