%YAML:1.0
---
Matches: [ 0, 613, 0, 8.6654486083984375e+02, 1, 341, 0,
    8.0038739013671875e+02, 2, 264, 0, 8.8376922607421875e+02, 3, 3, 0,
    5.1127877807617188e+02, 4, 2, 0, 3.6544219970703125e+02, 5, 341, 0,
    8.1942907714843750e+02, 6, 341, 0, 7.7628796386718750e+02, 7, 4, 0,
    6.5421707153320313e+01, 8, 5, 0, 4.3298614501953125e+02, 9, 55, 0,
    5.8743341064453125e+02, 10, 257, 0, 5.8058502197265625e+02, 11, 341,
    0, 8.6716607666015625e+02, 12, 7, 0, 1.5152557373046875e+02, 13, 7,
    0, 4.1448764038085938e+02, 14, 290, 0, 7.8310601806640625e+02, 15, 9,
    0, 3.6375265502929688e+02, 16, 12, 0, 2.6190075683593750e+02, 17,
    161, 0, 7.7289263916015625e+02, 18, 13, 0, 1.9663417053222656e+02,
    19, 412, 0, 9.0649102783203125e+02, 20, 14, 0,
    1.9417002868652344e+02, 21, 433, 0, 5.3050445556640625e+02, 22, 16,
    0, 7.7434167480468750e+02, 23, 17, 0, 4.9336499023437500e+02, 24, 18,
    0, 3.3955852508544922e+01, 25, 20, 0, 3.4425137329101563e+02, 26, 19,
    0, 1.5792402648925781e+02, 27, 264, 0, 8.1803607177734375e+02, 28,
    21, 0, 1.9026560974121094e+02, 29, 264, 0, 8.0706878662109375e+02,
    30, 290, 0, 7.9127868652343750e+02, 31, 113, 0,
    8.5300408935546875e+02, 32, 25, 0, 3.0045300292968750e+02, 33, 13, 0,
    4.8357626342773438e+02, 34, 28, 0, 6.5795898437500000e+02, 35, 29, 0,
    5.3809295654296875e+02, 36, 264, 0, 9.0110211181640625e+02, 37, 333,
    0, 6.6437414550781250e+02, 38, 33, 0, 3.4115393066406250e+02, 39, 32,
    0, 3.1422921752929688e+02, 40, 35, 0, 3.3445327758789063e+02, 41,
    113, 0, 8.5417388916015625e+02, 42, 491, 0, 8.7900225830078125e+02,
    43, 38, 0, 3.6565010070800781e+01, 44, 39, 0, 1.3303007507324219e+02,
    45, 44, 0, 6.2170330810546875e+02, 46, 41, 0, 2.3736891174316406e+02,
    47, 417, 0, 7.7559204101562500e+02, 48, 290, 0,
    9.1326666259765625e+02, 49, 264, 0, 7.8440679931640625e+02, 50, 202,
    0, 7.8150817871093750e+02, 51, 613, 0, 8.2128375244140625e+02, 52,
    363, 0, 5.4171948242187500e+02, 53, 87, 0, 5.4564001464843750e+02,
    54, 412, 0, 7.8304791259765625e+02, 55, 161, 0,
    8.6950793457031250e+02, 56, 290, 0, 8.4683764648437500e+02, 57, 264,
    0, 7.8604577636718750e+02, 58, 27, 0, 4.1369433593750000e+02, 59, 50,
    0, 2.9798489379882813e+02, 60, 471, 0, 9.4572778320312500e+02, 61,
    151, 0, 5.7668017578125000e+02, 62, 536, 0, 8.1602758789062500e+02,
    63, 467, 0, 5.5545568847656250e+02, 64, 481, 0,
    7.6278369140625000e+02, 65, 536, 0, 7.9443817138671875e+02, 66, 290,
    0, 8.1503070068359375e+02, 67, 409, 0, 6.1519506835937500e+02, 68,
    202, 0, 7.9495910644531250e+02, 69, 59, 0, 1.5649920654296875e+02,
    70, 417, 0, 7.9440545654296875e+02, 71, 57, 0,
    1.9311654663085938e+02, 72, 524, 0, 5.2276574707031250e+02, 73, 264,
    0, 9.3105908203125000e+02, 74, 264, 0, 8.7574481201171875e+02, 75,
    63, 0, 5.1086102294921875e+02, 76, 62, 0, 3.3707269287109375e+02, 77,
    300, 0, 6.5861676025390625e+02, 78, 290, 0, 8.8455920410156250e+02,
    79, 64, 0, 3.1172744750976563e+02, 80, 113, 0,
    8.8842443847656250e+02, 81, 264, 0, 8.9302856445312500e+02, 82, 264,
    0, 8.2248767089843750e+02, 83, 70, 0, 2.5240245056152344e+02, 84,
    161, 0, 7.9483648681640625e+02, 85, 454, 0, 8.0170507812500000e+02,
    86, 68, 0, 6.8444793701171875e+02, 87, 69, 0, 3.0566485595703125e+02,
    88, 71, 0, 1.5515153503417969e+02, 89, 75, 0, 3.2404013061523438e+02,
    90, 113, 0, 8.4663037109375000e+02, 91, 77, 0,
    5.0000698852539063e+02, 92, 79, 0, 4.8788421630859375e+02, 93, 493,
    0, 4.6023797607421875e+02, 94, 91, 0, 5.7088177490234375e+02, 95, 81,
    0, 2.7738421630859375e+02, 96, 83, 0, 5.1073672485351563e+02, 97,
    577, 0, 7.5787463378906250e+02, 98, 202, 0, 8.2758746337890625e+02,
    99, 584, 0, 5.6391845703125000e+02, 100, 86, 0,
    2.9841247558593750e+02, 101, 88, 0, 2.2191665649414063e+02, 102, 264,
    0, 8.3513354492187500e+02, 103, 321, 0, 6.5394647216796875e+02, 104,
    327, 0, 7.0503546142578125e+02, 105, 161, 0, 8.1668475341796875e+02,
    106, 177, 0, 6.9147235107421875e+02, 107, 559, 0,
    7.1139160156250000e+02, 108, 97, 0, 1.4125862121582031e+02, 109, 113,
    0, 8.5332171630859375e+02, 110, 441, 0, 5.2075616455078125e+02, 111,
    101, 0, 2.0869116210937500e+02, 112, 466, 0, 6.8165460205078125e+02,
    113, 161, 0, 7.7843884277343750e+02, 114, 103, 0,
    6.9584480285644531e+01, 115, 102, 0, 5.9114721679687500e+02, 116,
    299, 0, 5.3166998291015625e+02, 117, 108, 0, 2.1712208557128906e+02,
    118, 491, 0, 8.5968426513671875e+02, 119, 113, 0,
    8.3292614746093750e+02, 120, 341, 0, 8.1679003906250000e+02, 121,
    491, 0, 8.6931353759765625e+02, 122, 158, 0, 5.5485491943359375e+02,
    123, 135, 0, 5.2510186767578125e+02, 124, 161, 0,
    8.0874224853515625e+02, 125, 310, 0, 6.9981353759765625e+02, 126,
    113, 0, 2.1102842712402344e+02, 127, 25, 0, 6.3945208740234375e+02,
    128, 228, 0, 6.6901794433593750e+02, 129, 318, 0,
    6.5801593017578125e+02, 130, 264, 0, 7.9012530517578125e+02, 131,
    112, 0, 4.5022662353515625e+02, 132, 481, 0, 8.5899822998046875e+02,
    133, 95, 0, 5.4871575927734375e+02, 134, 113, 0,
    8.2919177246093750e+02, 135, 491, 0, 8.4148321533203125e+02, 136,
    289, 0, 6.0972698974609375e+02, 137, 341, 0, 8.7525482177734375e+02,
    138, 120, 0, 1.8701603698730469e+02, 139, 123, 0,
    1.8186808776855469e+02, 140, 613, 0, 8.8837884521484375e+02, 141,
    290, 0, 7.9782702636718750e+02, 142, 574, 0, 8.7771575927734375e+02,
    143, 124, 0, 3.9460614013671875e+02, 144, 128, 0,
    3.1296325683593750e+02, 145, 130, 0, 3.5116806030273438e+02, 146,
    129, 0, 4.3131542968750000e+02, 147, 130, 0, 5.6212634277343750e+02,
    148, 134, 0, 3.5382199096679688e+02, 149, 341, 0,
    7.9464709472656250e+02, 150, 536, 0, 7.9839904785156250e+02, 151,
    135, 0, 1.9048097229003906e+02, 152, 423, 0, 4.0287094116210938e+02,
    153, 421, 0, 3.5487463378906250e+02, 154, 113, 0,
    8.5385241699218750e+02, 155, 138, 0, 4.3138265991210938e+02, 156,
    140, 0, 2.6811752319335938e+02, 157, 142, 0, 4.9575296020507813e+02,
    158, 141, 0, 4.2262750244140625e+02, 159, 341, 0,
    8.4146716308593750e+02, 160, 264, 0, 7.5667102050781250e+02, 161,
    144, 0, 4.8823968505859375e+02, 162, 491, 0, 8.2754760742187500e+02,
    163, 362, 0, 7.3016229248046875e+02, 164, 264, 0,
    8.4597814941406250e+02, 165, 264, 0, 7.7480645751953125e+02, 166,
    147, 0, 4.6398492431640625e+02, 167, 149, 0, 5.2047863769531250e+02,
    168, 341, 0, 7.7829174804687500e+02, 169, 294, 0,
    7.5279479980468750e+01, 170, 491, 0, 8.8882336425781250e+02, 171,
    153, 0, 3.5958724975585938e+02, 172, 154, 0, 3.0479171752929688e+02,
    173, 155, 0, 3.1971862792968750e+02, 174, 437, 0,
    4.8543484497070313e+02, 175, 158, 0, 2.2853009033203125e+02, 176, 21,
    0, 4.3393548583984375e+02, 177, 162, 0, 5.0324050903320313e+02, 178,
    161, 0, 7.7521997070312500e+02, 179, 161, 0, 7.8464001464843750e+02,
    180, 161, 0, 7.8189190673828125e+02, 181, 290, 0,
    7.9616705322265625e+02, 182, 169, 0, 2.4441972351074219e+02, 183,
    161, 0, 7.8037170410156250e+02, 184, 341, 0, 7.8177233886718750e+02,
    185, 170, 0, 4.8203009033203125e+02, 186, 171, 0,
    2.5583979797363281e+02, 187, 165, 0, 5.9219677734375000e+02, 188,
    264, 0, 8.4656835937500000e+02, 189, 264, 0, 7.8549346923828125e+02,
    190, 445, 0, 4.5166690063476563e+02, 191, 452, 0,
    5.7136590576171875e+02, 192, 264, 0, 8.1712976074218750e+02, 193,
    177, 0, 2.4647109985351563e+02, 194, 176, 0, 4.2173806762695313e+02,
    195, 161, 0, 7.8785913085937500e+02, 196, 179, 0,
    2.5032778930664063e+02, 197, 341, 0, 8.7602508544921875e+02, 198,
    181, 0, 2.0642190551757813e+02, 199, 341, 0, 8.4565301513671875e+02,
    200, 182, 0, 4.0345755004882813e+02, 201, 184, 0,
    9.8959587097167969e+01, 202, 183, 0, 4.6051928710937500e+02, 203,
    185, 0, 3.6024575805664063e+02, 204, 113, 0, 8.2985418701171875e+02,
    205, 187, 0, 3.0287292480468750e+02, 206, 189, 0,
