%YAML:1.0
---
Matches: [ 0, 0, 0, .Nan, 1, 0, 0, .Nan, 2, 2, 0, 1.8837299942970276e-01,
    3, 1, 0, 3.1007505953311920e-02, 4, 0, 0, .Nan, 5, 3, 0,
    5.0976373255252838e-02, 6, 4, 0, 5.7576261460781097e-02, 7, 5, 0,
    3.6916872859001160e-01, 8, 311, 0, 4.0090146660804749e-01, 9, 6, 0,
    1.0588513314723969e-01, 10, 7, 0, 1.4330805838108063e-01, 11, 0, 0,
    .Nan, 12, 8, 0, 4.8287358134984970e-02, 13, 11, 0,
    7.7967926859855652e-02, 14, 0, 0, .Nan, 15, 12, 0,
    9.0575285255908966e-02, 16, 13, 0, 5.4747436195611954e-02, 17, 14, 0,
    8.8576145470142365e-02, 18, 0, 0, .Nan, 19, 16, 0,
    9.2650577425956726e-02, 20, 17, 0, 8.7907008826732635e-02, 21, 19, 0,
    1.1455219238996506e-01, 22, 18, 0, 4.5728456228971481e-02, 23, 20, 0,
    5.0795000046491623e-02, 24, 0, 0, .Nan, 25, 0, 0, .Nan, 26, 23, 0,
    9.5812350511550903e-02, 27, 25, 0, 8.7762162089347839e-02, 28, 26, 0,
    7.7342569828033447e-02, 29, 27, 0, 9.6187993884086609e-02, 30, 0, 0,
    .Nan, 31, 327, 0, 6.1066627502441406e-01, 32, 31, 0,
    7.7925160527229309e-02, 33, 30, 0, 8.1964649260044098e-02, 34, 33, 0,
    7.5220003724098206e-02, 35, 0, 0, .Nan, 36, 0, 0, .Nan, 37, 36, 0,
    8.5445791482925415e-02, 38, 37, 0, 7.9222619533538818e-02, 39, 243,
    0, 5.4056286811828613e-01, 40, 39, 0, 1.1007431894540787e-01, 41, 0,
    0, .Nan, 42, 0, 0, .Nan, 43, 0, 0, .Nan, 44, 0, 0, .Nan, 45, 0, 0,
    .Nan, 46, 326, 0, 3.7402272224426270e-01, 47, 6, 0,
    4.5875430107116699e-01, 48, 0, 0, .Nan, 49, 0, 0, .Nan, 50, 0, 0,
    .Nan, 51, 0, 0, .Nan, 52, 249, 0, 5.3561341762542725e-01, 53, 48, 0,
    8.5105583071708679e-02, 54, 0, 0, .Nan, 55, 50, 0,
    3.5318925976753235e-01, 56, 0, 0, .Nan, 57, 249, 0,
    5.0011664628982544e-01, 58, 0, 0, .Nan, 59, 0, 0, .Nan, 60, 0, 0,
    .Nan, 61, 56, 0, 8.4411315619945526e-02, 62, 0, 0, .Nan, 63, 57, 0,
    7.3852166533470154e-02, 64, 0, 0, .Nan, 65, 55, 0,
    7.5733736157417297e-02, 66, 63, 0, 4.9687200784683228e-01, 67, 0, 0,
    .Nan, 68, 0, 0, .Nan, 69, 61, 0, 4.7066643834114075e-01, 70, 60, 0,
    6.8232297897338867e-02, 71, 452, 0, 6.1256349086761475e-01, 72, 0, 0,
    .Nan, 73, 62, 0, 9.4349674880504608e-02, 74, 0, 0, .Nan, 75, 0, 0,
    .Nan, 76, 294, 0, 4.1934031248092651e-01, 77, 0, 0, .Nan, 78, 0, 0,
    .Nan, 79, 65, 0, 1.9505450129508972e-01, 80, 66, 0,
    1.4629480242729187e-01, 81, 68, 0, 7.8409790992736816e-02, 82, 71, 0,
    1.0416793078184128e-01, 83, 0, 0, .Nan, 84, 73, 0,
    2.5235009193420410e-01, 85, 75, 0, 9.6927933394908905e-02, 86, 74, 0,
    1.4800116419792175e-01, 87, 76, 0, 2.9117834568023682e-01, 88, 77, 0,
    1.6587322950363159e-01, 89, 79, 0, 4.2534020543098450e-01, 90, 353,
    0, 3.0636802315711975e-01, 91, 0, 0, .Nan, 92, 81, 0,
    3.8206487894058228e-01, 93, 82, 0, 1.5382683277130127e-01, 94, 0, 0,
    .Nan, 95, 0, 0, .Nan, 96, 466, 0, 5.1552981138229370e-01, 97, 78, 0,
    4.4820705056190491e-01, 98, 0, 0, .Nan, 99, 44, 0,
    5.9952998161315918e-01, 100, 472, 0, 5.6329715251922607e-01, 101, 91,
    0, 7.9516910016536713e-02, 102, 0, 0, .Nan, 103, 93, 0,
    1.1616856604814529e-01, 104, 94, 0, 9.5379300415515900e-02, 105, 263,
    0, 4.9169901013374329e-01, 106, 96, 0, 9.3654699623584747e-02, 107,
    95, 0, 4.1723576188087463e-01, 108, 98, 0, 8.7596155703067780e-02,
    109, 0, 0, .Nan, 110, 0, 0, .Nan, 111, 0, 0, .Nan, 112, 0, 0, .Nan,
    113, 92, 0, 4.7556748986244202e-01, 114, 103, 0,
    1.0921259969472885e-01, 115, 0, 0, .Nan, 116, 263, 0,
    4.6539354324340820e-01, 117, 106, 0, 9.8335847258567810e-02, 118, 0,
    0, .Nan, 119, 104, 0, 2.5767946243286133e-01, 120, 295, 0,
    4.0987256169319153e-01, 121, 105, 0, 3.8681972026824951e-01, 122, 0,
    0, .Nan, 123, 267, 0, 2.7530065178871155e-01, 124, 0, 0, .Nan, 125,
    0, 0, .Nan, 126, 107, 0, 3.2469564676284790e-01, 127, 112, 0,
    9.0187214314937592e-02, 128, 114, 0, 1.1680901050567627e-01, 129, 0,
    0, .Nan, 130, 0, 0, .Nan, 131, 0, 0, .Nan, 132, 115, 0,
    1.9641645252704620e-01, 133, 119, 0, 7.6191075146198273e-02, 134,
    121, 0, 1.3872733712196350e-01, 135, 120, 0, 1.8566009402275085e-01,
    136, 124, 0, 1.2612891197204590e-01, 137, 0, 0, .Nan, 138, 0, 0,
    .Nan, 139, 0, 0, .Nan, 140, 126, 0, 1.4329737424850464e-01, 141, 387,
    0, 1.9906510412693024e-01, 142, 385, 0, 2.1793286502361298e-01, 143,
    0, 0, .Nan, 144, 129, 0, 2.3752829432487488e-01, 145, 131, 0,
    1.9666115939617157e-01, 146, 133, 0, 1.2961480021476746e-01, 147,
    132, 0, 2.3606081306934357e-01, 148, 0, 0, .Nan, 149, 135, 0,
    2.1223135292530060e-01, 150, 0, 0, .Nan, 151, 136, 0,
    2.4319995939731598e-01, 152, 0, 0, .Nan, 153, 137, 0,
    2.7442654967308044e-01, 154, 139, 0, 2.7349755167961121e-01, 155, 0,
    0, .Nan, 156, 0, 0, .Nan, 157, 0, 0, .Nan, 158, 142, 0,
    2.7716609835624695e-01, 159, 143, 0, 1.7295658588409424e-01, 160,
    144, 0, 1.2625733017921448e-01, 161, 400, 0, 2.9869821667671204e-01,
    162, 147, 0, 1.5642434358596802e-01, 163, 147, 0,
    3.8650253415107727e-01, 164, 151, 0, 9.0219914913177490e-02, 165, 0,
    0, .Nan, 166, 0, 0, .Nan, 167, 0, 0, .Nan, 168, 0, 0, .Nan, 169, 0,
    0, .Nan, 170, 0, 0, .Nan, 171, 0, 0, .Nan, 172, 403, 0,
    4.3233212828636169e-01, 173, 160, 0, 1.3510133326053619e-01, 174,
    154, 0, 2.9468885064125061e-01, 175, 0, 0, .Nan, 176, 0, 0, .Nan,
    177, 408, 0, 2.0340961217880249e-01, 178, 407, 0,
    2.9845035076141357e-01, 179, 0, 0, .Nan, 180, 0, 0, .Nan, 181, 165,
    0, 3.7210360169410706e-01, 182, 0, 0, .Nan, 183, 0, 0, .Nan, 184, 0,
    0, .Nan, 185, 170, 0, 5.7384591549634933e-02, 186, 0, 0, .Nan, 187,
    171, 0, 2.7336603403091431e-01, 188, 173, 0, 8.3197541534900665e-02,
    189, 172, 0, 2.3931092023849487e-01, 190, 174, 0,
    1.2566760182380676e-01, 191, 0, 0, .Nan, 192, 176, 0,
    7.4804209172725677e-02, 193, 177, 0, 1.7736181616783142e-01, 194, 0,
    0, .Nan, 195, 180, 0, 1.0908343642950058e-01, 196, 178, 0,
    1.8291036784648895e-01, 197, 0, 0, .Nan, 198, 0, 0, .Nan, 199, 181,
    0, 1.4079287648200989e-01, 200, 187, 0, 9.0684682130813599e-02, 201,
    186, 0, 1.3951192796230316e-01, 202, 0, 0, .Nan, 203, 0, 0, .Nan,
    204, 188, 0, 2.0066723227500916e-01, 205, 189, 0,
    9.1331802308559418e-02, 206, 0, 0, .Nan, 207, 188, 0,
    2.0682537555694580e-01, 208, 191, 0, 1.1652430891990662e-01, 209, 0,
    0, .Nan, 210, 0, 0, .Nan, 211, 195, 0, 9.9957928061485291e-02, 212,
    193, 0, 6.9740958511829376e-02, 213, 198, 0, 8.4590360522270203e-02,
    214, 197, 0, 1.5275867283344269e-01, 215, 196, 0,
    1.2734425067901611e-01, 216, 199, 0, 9.4694606959819794e-02, 217, 0,
    0, .Nan, 218, 203, 0, 1.3532042503356934e-01, 219, 201, 0,
    9.4221614301204681e-02, 220, 200, 0, 1.4169241487979889e-01, 221,
    204, 0, 4.3802225589752197e-01, 222, 206, 0, 4.9697928130626678e-02,
    223, 205, 0, 8.3063669502735138e-02, 224, 207, 0,
    9.1863326728343964e-02, 225, 208, 0, 1.1922080069780350e-01, 226,
    209, 0, 1.0356211662292480e-01, 227, 210, 0, 9.3803726136684418e-02,
    228, 0, 0, .Nan, 229, 0, 0, .Nan, 230, 215, 0,
    9.1260083019733429e-02, 231, 216, 0, 9.3874767422676086e-02, 232,
    214, 0, 1.6313201189041138e-01, 233, 213, 0, 1.3636089861392975e-01,
    234, 0, 0, .Nan, 235, 218, 0, 1.2793144583702087e-01, 236, 219, 0,
    1.6760323941707611e-01, 237, 0, 0, .Nan, 238, 286, 0,
    1.7416878044605255e-01, 239, 221, 0, 1.2429008632898331e-01, 240, 0,
    0, .Nan, 241, 0, 0, .Nan, 242, 0, 0, .Nan, 243, 0, 0, .Nan, 244, 0,
    0, .Nan, 245, 0, 0, .Nan, 246, 0, 0, .Nan, 247, 0, 0, .Nan, 248, 0,
    0, .Nan, 249, 0, 0, .Nan, 250, 0, 0, .Nan, 251, 0, 0, .Nan, 252, 0,
    0, .Nan, 253, 0, 0, .Nan, 254, 239, 0, 2.9859170317649841e-02, 255,
    240, 0, 3.5748481750488281e-02, 256, 5, 0, 4.6427306532859802e-01,
    257, 241, 0, 8.1641897559165955e-02, 258, 244, 0,
    7.5702309608459473e-02, 259, 245, 0, 9.0863876044750214e-02, 260,
    324, 0, 5.1628917455673218e-01, 261, 247, 0, 2.3840446770191193e-01,
    262, 248, 0, 9.0054377913475037e-02, 263, 246, 0,
