%YAML:1.0
---
Matches: [ 0, 0, 0, 5., 1, 391, 0, 86., 2, 333, 0, 76., 3, 5, 0, 12., 4,
    467, 0, 83., 5, 225, 0, 88., 6, 4, 0, 100., 7, 7, 0, 46., 8, 9, 0,
    35., 9, 164, 0, 96., 10, 9, 0, 32., 11, 12, 0, 19., 12, 334, 0, 106.,
    13, 8, 0, 58., 14, 14, 0, 17., 15, 14, 0, 31., 16, 15, 0, 77., 17,
    17, 0, 39., 18, 18, 0, 31., 19, 19, 0, 63., 20, 19, 0, 96., 21, 402,
    0, 114., 22, 24, 0, 31., 23, 29, 0, 19., 24, 204, 0, 109., 25, 397,
    0, 125., 26, 29, 0, 91., 27, 33, 0, 36., 28, 32, 0, 43., 29, 221, 0,
    121., 30, 528, 0, 85., 31, 0, 0, 79., 32, 689, 0, 89., 33, 134, 0,
    102., 34, 68, 0, 99., 35, 222, 0, 107., 36, 29, 0, 103., 37, 175, 0,
    69., 38, 454, 0, 110., 39, 418, 0, 106., 40, 225, 0, 103., 41, 38, 0,
    23., 42, 41, 0, 40., 43, 44, 0, 41., 44, 44, 0, 43., 45, 276, 0,
    110., 46, 266, 0, 89., 47, 133, 0, 103., 48, 351, 0, 108., 49, 49, 0,
    23., 50, 50, 0, 19., 51, 53, 0, 72., 52, 68, 0, 92., 53, 112, 0,
    103., 54, 52, 0, 18., 55, 523, 0, 84., 56, 349, 0, 106., 57, 2, 0,
    81., 58, 55, 0, 81., 59, 129, 0, 94., 60, 57, 0, 27., 61, 676, 0,
    87., 62, 41, 0, 102., 63, 59, 0, 78., 64, 59, 0, 70., 65, 62, 0, 21.,
    66, 197, 0, 91., 67, 563, 0, 86., 68, 291, 0, 50., 69, 65, 0, 43.,
    70, 67, 0, 88., 71, 242, 0, 100., 72, 64, 0, 36., 73, 68, 0, 14., 74,
    70, 0, 32., 75, 440, 0, 97., 76, 447, 0, 38., 77, 71, 0, 65., 78,
    128, 0, 86., 79, 69, 0, 51., 80, 249, 0, 86., 81, 74, 0, 90., 82, 74,
    0, 61., 83, 78, 0, 14., 84, 75, 0, 32., 85, 75, 0, 78., 86, 79, 0,
    58., 87, 175, 0, 95., 88, 138, 0, 99., 89, 82, 0, 13., 90, 383, 0,
    91., 91, 184, 0, 89., 92, 80, 0, 92., 93, 418, 0, 95., 94, 86, 0,
    28., 95, 108, 0, 81., 96, 87, 0, 6., 97, 731, 0, 99., 98, 185, 0,
    100., 99, 386, 0, 105., 100, 90, 0, 79., 101, 93, 0, 52., 102, 94, 0,
    46., 103, 305, 0, 97., 104, 96, 0, 74., 105, 100, 0, 31., 106, 305,
    0, 91., 107, 108, 0, 49., 108, 95, 0, 96., 109, 26, 0, 67., 110, 104,
    0, 45., 111, 107, 0, 51., 112, 107, 0, 75., 113, 108, 0, 28., 114,
    562, 0, 101., 115, 446, 0, 99., 116, 278, 0, 89., 117, 88, 0, 107.,
    118, 111, 0, 38., 119, 309, 0, 103., 120, 106, 0, 108., 121, 106, 0,
    84., 122, 688, 0, 107., 123, 113, 0, 68., 124, 118, 0, 87., 125, 116,
    0, 33., 126, 42, 0, 96., 127, 119, 0, 27., 128, 122, 0, 29., 129,
    123, 0, 47., 130, 124, 0, 19., 131, 393, 0, 95., 132, 126, 0, 32.,
    133, 618, 0, 81., 134, 130, 0, 86., 135, 127, 0, 30., 136, 128, 0,
    51., 137, 128, 0, 49., 138, 191, 0, 96., 139, 129, 0, 15., 140, 130,
    0, 17., 141, 131, 0, 69., 142, 133, 0, 44., 143, 156, 0, 71., 144,
    607, 0, 71., 145, 136, 0, 23., 146, 138, 0, 18., 147, 116, 0, 89.,
    148, 34, 0, 101., 149, 139, 0, 24., 150, 139, 0, 63., 151, 143, 0,
    81., 152, 317, 0, 72., 153, 144, 0, 19., 154, 183, 0, 89., 155, 146,
    0, 71., 156, 148, 0, 18., 157, 323, 0, 36., 158, 149, 0, 78., 159,
    150, 0, 46., 160, 214, 0, 81., 161, 151, 0, 16., 162, 152, 0, 14.,
    163, 153, 0, 21., 164, 155, 0, 40., 165, 154, 0, 31., 166, 327, 0,
    50., 167, 157, 0, 6., 168, 155, 0, 76., 169, 162, 0, 40., 170, 159,
    0, 62., 171, 160, 0, 57., 172, 163, 0, 9., 173, 165, 0, 19., 174,
    167, 0, 25., 175, 169, 0, 26., 176, 170, 0, 33., 177, 153, 0, 78.,
    178, 164, 0, 57., 179, 173, 0, 25., 180, 116, 0, 98., 181, 172, 0,
    34., 182, 174, 0, 21., 183, 175, 0, 37., 184, 185, 0, 99., 185, 178,
    0, 10., 186, 342, 0, 65., 187, 179, 0, 54., 188, 180, 0, 74., 189,
    182, 0, 94., 190, 184, 0, 25., 191, 163, 0, 81., 192, 340, 0, 76.,
    193, 2, 0, 69., 194, 329, 0, 85., 195, 186, 0, 68., 196, 191, 0, 44.,
    197, 189, 0, 13., 198, 190, 0, 41., 199, 187, 0, 20., 200, 193, 0,
    55., 201, 195, 0, 25., 202, 194, 0, 65., 203, 348, 0, 79., 204, 196,
    0, 3., 205, 350, 0, 104., 206, 197, 0, 15., 207, 200, 0, 54., 208,
    204, 0, 37., 209, 205, 0, 31., 210, 203, 0, 103., 211, 201, 0, 23.,
    212, 352, 0, 76., 213, 221, 0, 101., 214, 203, 0, 66., 215, 208, 0,
    20., 216, 210, 0, 41., 217, 213, 0, 24., 218, 209, 0, 19., 219, 212,
    0, 38., 220, 119, 0, 88., 221, 216, 0, 63., 222, 211, 0, 35., 223,
    215, 0, 88., 224, 217, 0, 7., 225, 215, 0, 25., 226, 218, 0, 69.,
    227, 218, 0, 22., 228, 219, 0, 35., 229, 219, 0, 65., 230, 221, 0,
    76., 231, 222, 0, 15., 232, 4, 0, 92., 233, 223, 0, 23., 234, 361, 0,
    99., 235, 228, 0, 98., 236, 218, 0, 103., 237, 228, 0, 71., 238, 345,
    0, 106., 239, 504, 0, 101., 240, 235, 0, 101., 241, 444, 0, 106.,
    242, 240, 0, 27., 243, 396, 0, 100., 244, 57, 0, 129., 245, 239, 0,
    116., 246, 225, 0, 102., 247, 480, 0, 121., 248, 42, 0, 102., 249,
    225, 0, 111., 250, 241, 0, 101., 251, 377, 0, 111., 252, 162, 0, 89.,
    253, 373, 0, 98., 254, 446, 0, 117., 255, 376, 0, 103., 256, 638, 0,
    109., 257, 250, 0, 77., 258, 252, 0, 76., 259, 254, 0, 79., 260, 255,
    0, 43., 261, 38, 0, 91., 262, 336, 0, 76., 263, 328, 0, 75., 264,
    650, 0, 94., 265, 260, 0, 31., 266, 261, 0, 70., 267, 3, 0, 25., 268,
    313, 0, 84., 269, 263, 0, 21., 270, 266, 0, 12., 271, 267, 0, 29.,
    272, 404, 0, 15., 273, 404, 0, 49., 274, 269, 0, 102., 275, 16, 0,
    16., 276, 268, 0, 34., 277, 271, 0, 12., 278, 24, 0, 77., 279, 204,
    0, 109., 280, 57, 0, 119., 281, 615, 0, 93., 282, 110, 0, 94., 283,
    391, 0, 104., 284, 95, 0, 109., 285, 274, 0, 45., 286, 275, 0, 68.,
    287, 626, 0, 112., 288, 300, 0, 94., 289, 137, 0, 99., 290, 45, 0,
    96., 291, 702, 0, 92., 292, 459, 0, 111., 293, 121, 0, 106., 294,
    277, 0, 94., 295, 194, 0, 107., 296, 68, 0, 94., 297, 279, 0, 57.,
    298, 436, 0, 109., 299, 68, 0, 105., 300, 146, 0, 88., 301, 164, 0,
    100., 302, 281, 0, 24., 303, 60, 0, 82., 304, 41, 0, 106., 305, 285,
    0, 73., 306, 282, 0, 118., 307, 61, 0, 21., 308, 291, 0, 75., 309,
    242, 0, 96., 310, 289, 0, 24., 311, 442, 0, 73., 312, 71, 0, 64.,
    313, 294, 0, 36., 314, 580, 0, 69., 315, 295, 0, 10., 316, 82, 0,
    44., 317, 142, 0, 96., 318, 383, 0, 102., 319, 299, 0, 93., 320, 552,
    0, 90., 321, 302, 0, 77., 322, 308, 0, 28., 323, 98, 0, 109., 324,
    307, 0, 62., 325, 309, 0, 35., 326, 298, 0, 95., 327, 474, 0, 101.,
    328, 149, 0, 104., 329, 651, 0, 106., 330, 114, 0, 79., 331, 116, 0,
    83., 332, 320, 0, 100., 333, 310, 0, 36., 334, 667, 0, 99., 335, 92,
    0, 84., 336, 397, 0, 85., 337, 123, 0, 93., 338, 478, 0, 31., 339,
    132, 0, 89., 340, 295, 0, 68., 341, 133, 0, 42., 342, 485, 0, 72.,
    343, 112, 0, 83., 344, 261, 0, 80., 345, 140, 0, 73., 346, 427, 0,
    115., 347, 22, 0, 85., 348, 490, 0, 55., 349, 147, 0, 38., 350, 322,
    0, 59., 351, 323, 0, 42., 352, 324, 0, 89., 353, 325, 0, 19., 354,
    495, 0, 52., 355, 495, 0, 30., 356, 156, 0, 27., 357, 331, 0, 16.,
    358, 333, 0, 56., 359, 167, 0, 50., 360, 164, 0, 56., 361, 336, 0,
    12., 362, 503, 0, 38., 363, 337, 0, 25., 364, 339, 0, 20., 365, 340,
    0, 70., 366, 343, 0, 16., 367, 342, 0, 68., 368, 344, 0, 77., 369,
    512, 0, 95., 370, 345, 0, 55., 371, 544, 0, 111., 372, 189, 0, 75.,
    373, 187, 0, 104., 374, 348, 0, 4., 375, 349, 0, 39., 376, 198, 0,
    65., 377, 521, 0, 13., 378, 351, 0, 25., 379, 356, 0, 48., 380, 667,
    0, 115., 381, 212, 0, 71., 382, 563, 0, 102., 383, 651, 0, 98., 384,
    362, 0, 62., 385, 313, 0, 74., 386, 556, 0, 91., 387, 367, 0, 94.,
    388, 38, 0, 102., 389, 225, 0, 111., 390, 369, 0, 104., 391, 225, 0,
    100., 392, 371, 0, 78., 393, 546, 0, 42., 394, 376, 0, 96., 395, 377,
    0, 48., 396, 448, 0, 109., 397, 379, 0, 97., 398, 156, 0, 86., 399,
    547, 0, 74., 400, 315, 0, 87., 401, 383, 0, 4., 402, 384, 0, 11.,
    403, 387, 0, 58., 404, 145, 0, 85., 405, 390, 0, 66., 406, 646, 0,
    104., 407, 485, 0, 92., 408, 391, 0, 60., 409, 392, 0, 80., 410, 556,
    0, 30., 411, 393, 0, 10., 412, 394, 0, 46., 413, 395, 0, 4., 414,
    396, 0, 59., 415, 397, 0, 26., 416, 399, 0, 57., 417, 267, 0, 92.,
    418, 265, 0, 17., 419, 562, 0, 74., 420, 406, 0, 12., 421, 504, 0,
    110., 422, 679, 0, 111., 423, 410, 0, 5., 424, 567, 0, 93., 425, 411,
