%YAML:1.0
---
Matches: [ 0, 0, 0, 5., 1, 391, 0, 105., 2, 333, 0, 92., 3, 5, 0, 12., 4,
    467, 0, 110., 5, 225, 0, 110., 6, 4, 0, 119., 7, 7, 0, 51., 8, 9, 0,
    38., 9, 164, 0, 123., 10, 9, 0, 33., 11, 12, 0, 20., 12, 169, 0,
    139., 13, 8, 0, 63., 14, 14, 0, 17., 15, 14, 0, 31., 16, 15, 0, 88.,
    17, 17, 0, 41., 18, 18, 0, 31., 19, 19, 0, 74., 20, 19, 0, 116., 21,
    402, 0, 143., 22, 24, 0, 34., 23, 29, 0, 19., 24, 204, 0, 131., 25,
    293, 0, 170., 26, 29, 0, 108., 27, 33, 0, 39., 28, 32, 0, 50., 29,
    221, 0, 149., 30, 528, 0, 105., 31, 0, 0, 90., 32, 689, 0, 106., 33,
    134, 0, 128., 34, 68, 0, 129., 35, 721, 0, 134., 36, 382, 0, 121.,
    37, 175, 0, 82., 38, 696, 0, 135., 39, 418, 0, 140., 40, 225, 0,
    134., 41, 38, 0, 23., 42, 41, 0, 43., 43, 44, 0, 43., 44, 44, 0, 45.,
    45, 276, 0, 148., 46, 266, 0, 95., 47, 421, 0, 122., 48, 104, 0,
    149., 49, 49, 0, 23., 50, 50, 0, 20., 51, 53, 0, 82., 52, 68, 0,
    118., 53, 45, 0, 130., 54, 52, 0, 18., 55, 52, 0, 99., 56, 349, 0,
    129., 57, 2, 0, 106., 58, 55, 0, 100., 59, 129, 0, 117., 60, 57, 0,
    28., 61, 676, 0, 119., 62, 41, 0, 125., 63, 59, 0, 91., 64, 59, 0,
    82., 65, 62, 0, 21., 66, 197, 0, 117., 67, 284, 0, 104., 68, 291, 0,
    52., 69, 65, 0, 45., 70, 67, 0, 112., 71, 242, 0, 132., 72, 64, 0,
    37., 73, 68, 0, 15., 74, 70, 0, 35., 75, 440, 0, 122., 76, 447, 0,
    40., 77, 71, 0, 79., 78, 128, 0, 113., 79, 69, 0, 52., 80, 249, 0,
    98., 81, 74, 0, 121., 82, 74, 0, 70., 83, 78, 0, 14., 84, 75, 0, 33.,
    85, 75, 0, 91., 86, 79, 0, 65., 87, 151, 0, 115., 88, 138, 0, 131.,
    89, 82, 0, 13., 90, 383, 0, 112., 91, 480, 0, 116., 92, 80, 0, 103.,
    93, 36, 0, 116., 94, 86, 0, 32., 95, 108, 0, 104., 96, 87, 0, 6., 97,
    731, 0, 121., 98, 185, 0, 128., 99, 386, 0, 132., 100, 90, 0, 90.,
    101, 93, 0, 59., 102, 94, 0, 50., 103, 305, 0, 128., 104, 96, 0, 83.,
    105, 100, 0, 32., 106, 305, 0, 113., 107, 108, 0, 52., 108, 95, 0,
    118., 109, 26, 0, 80., 110, 104, 0, 47., 111, 107, 0, 53., 112, 107,
    0, 84., 113, 108, 0, 30., 114, 23, 0, 124., 115, 446, 0, 121., 116,
    50, 0, 103., 117, 88, 0, 129., 118, 111, 0, 41., 119, 309, 0, 130.,
    120, 106, 0, 135., 121, 320, 0, 104., 122, 306, 0, 150., 123, 113, 0,
    85., 124, 118, 0, 104., 125, 116, 0, 36., 126, 108, 0, 119., 127,
    119, 0, 32., 128, 122, 0, 31., 129, 123, 0, 49., 130, 124, 0, 20.,
    131, 172, 0, 115., 132, 126, 0, 35., 133, 618, 0, 97., 134, 133, 0,
    107., 135, 127, 0, 32., 136, 128, 0, 56., 137, 128, 0, 53., 138, 132,
    0, 110., 139, 129, 0, 16., 140, 130, 0, 17., 141, 131, 0, 78., 142,
    133, 0, 55., 143, 161, 0, 83., 144, 97, 0, 88., 145, 136, 0, 27.,
    146, 138, 0, 21., 147, 116, 0, 110., 148, 34, 0, 133., 149, 139, 0,
    27., 150, 139, 0, 68., 151, 143, 0, 94., 152, 317, 0, 85., 153, 144,
    0, 19., 154, 183, 0, 118., 155, 146, 0, 73., 156, 148, 0, 19., 157,
    323, 0, 39., 158, 149, 0, 86., 159, 150, 0, 50., 160, 214, 0, 94.,
    161, 151, 0, 16., 162, 152, 0, 14., 163, 153, 0, 21., 164, 155, 0,
    42., 165, 154, 0, 34., 166, 327, 0, 55., 167, 157, 0, 7., 168, 155,
    0, 93., 169, 162, 0, 46., 170, 159, 0, 72., 171, 165, 0, 61., 172,
    163, 0, 9., 173, 165, 0, 20., 174, 167, 0, 29., 175, 169, 0, 26.,
    176, 170, 0, 40., 177, 153, 0, 98., 178, 164, 0, 61., 179, 173, 0,
    26., 180, 335, 0, 115., 181, 172, 0, 36., 182, 174, 0, 23., 183, 175,
    0, 39., 184, 185, 0, 124., 185, 178, 0, 10., 186, 342, 0, 77., 187,
    179, 0, 59., 188, 180, 0, 92., 189, 182, 0, 113., 190, 184, 0, 28.,
    191, 2, 0, 109., 192, 340, 0, 86., 193, 2, 0, 90., 194, 329, 0, 104.,
    195, 186, 0, 70., 196, 191, 0, 47., 197, 189, 0, 13., 198, 190, 0,
    43., 199, 187, 0, 23., 200, 193, 0, 60., 201, 195, 0, 26., 202, 194,
    0, 67., 203, 349, 0, 92., 204, 196, 0, 3., 205, 350, 0, 130., 206,
    197, 0, 16., 207, 200, 0, 60., 208, 204, 0, 44., 209, 205, 0, 33.,
    210, 203, 0, 134., 211, 201, 0, 24., 212, 352, 0, 97., 213, 59, 0,
    126., 214, 203, 0, 90., 215, 208, 0, 22., 216, 210, 0, 45., 217, 213,
    0, 26., 218, 209, 0, 19., 219, 212, 0, 39., 220, 119, 0, 109., 221,
    216, 0, 64., 222, 211, 0, 39., 223, 215, 0, 106., 224, 217, 0, 7.,
    225, 215, 0, 28., 226, 218, 0, 77., 227, 218, 0, 23., 228, 219, 0,
    39., 229, 219, 0, 73., 230, 221, 0, 90., 231, 222, 0, 15., 232, 3, 0,
    111., 233, 223, 0, 25., 234, 710, 0, 121., 235, 228, 0, 120., 236,
    689, 0, 128., 237, 228, 0, 83., 238, 345, 0, 134., 239, 504, 0, 127.,
    240, 235, 0, 123., 241, 444, 0, 136., 242, 240, 0, 29., 243, 396, 0,
    122., 244, 206, 0, 169., 245, 239, 0, 145., 246, 225, 0, 130., 247,
    480, 0, 162., 248, 42, 0, 140., 249, 225, 0, 141., 250, 241, 0, 130.,
    251, 305, 0, 139., 252, 162, 0, 113., 253, 373, 0, 123., 254, 623, 0,
    144., 255, 376, 0, 135., 256, 638, 0, 138., 257, 250, 0, 84., 258,
    252, 0, 86., 259, 254, 0, 98., 260, 255, 0, 49., 261, 89, 0, 113.,
    262, 256, 0, 96., 263, 328, 0, 87., 264, 650, 0, 112., 265, 260, 0,
    35., 266, 261, 0, 83., 267, 3, 0, 25., 268, 313, 0, 103., 269, 263,
    0, 22., 270, 266, 0, 12., 271, 267, 0, 30., 272, 404, 0, 15., 273,
    404, 0, 53., 274, 269, 0, 119., 275, 16, 0, 16., 276, 268, 0, 39.,
    277, 271, 0, 12., 278, 24, 0, 93., 279, 204, 0, 144., 280, 397, 0,
    165., 281, 110, 0, 110., 282, 110, 0, 119., 283, 110, 0, 133., 284,
    95, 0, 137., 285, 274, 0, 47., 286, 275, 0, 77., 287, 626, 0, 145.,
    288, 300, 0, 125., 289, 137, 0, 123., 290, 45, 0, 122., 291, 702, 0,
    120., 292, 459, 0, 144., 293, 121, 0, 131., 294, 277, 0, 123., 295,
    702, 0, 140., 296, 68, 0, 117., 297, 279, 0, 64., 298, 351, 0, 142.,
    299, 68, 0, 125., 300, 146, 0, 98., 301, 164, 0, 123., 302, 281, 0,
    26., 303, 60, 0, 105., 304, 41, 0, 139., 305, 285, 0, 85., 306, 282,
    0, 135., 307, 61, 0, 22., 308, 291, 0, 86., 309, 242, 0, 128., 310,
    289, 0, 28., 311, 442, 0, 82., 312, 71, 0, 80., 313, 294, 0, 37.,
    314, 580, 0, 84., 315, 295, 0, 10., 316, 82, 0, 57., 317, 142, 0,
    123., 318, 383, 0, 121., 319, 299, 0, 109., 320, 552, 0, 118., 321,
    302, 0, 86., 322, 308, 0, 29., 323, 98, 0, 147., 324, 307, 0, 70.,
    325, 309, 0, 41., 326, 298, 0, 117., 327, 474, 0, 123., 328, 563, 0,
    129., 329, 651, 0, 128., 330, 114, 0, 93., 331, 116, 0, 100., 332,
    320, 0, 124., 333, 310, 0, 40., 334, 667, 0, 124., 335, 92, 0, 104.,
    336, 312, 0, 107., 337, 123, 0, 118., 338, 478, 0, 35., 339, 132, 0,
    102., 340, 295, 0, 84., 341, 133, 0, 52., 342, 485, 0, 91., 343, 112,
    0, 99., 344, 261, 0, 104., 345, 140, 0, 86., 346, 407, 0, 144., 347,
    22, 0, 96., 348, 490, 0, 67., 349, 147, 0, 40., 350, 322, 0, 74.,
    351, 323, 0, 44., 352, 324, 0, 107., 353, 325, 0, 21., 354, 495, 0,
    60., 355, 495, 0, 31., 356, 156, 0, 31., 357, 331, 0, 16., 358, 333,
    0, 62., 359, 167, 0, 55., 360, 164, 0, 61., 361, 336, 0, 12., 362,
    503, 0, 40., 363, 337, 0, 27., 364, 339, 0, 21., 365, 340, 0, 81.,
    366, 343, 0, 18., 367, 342, 0, 81., 368, 344, 0, 96., 369, 512, 0,
    121., 370, 345, 0, 57., 371, 544, 0, 148., 372, 189, 0, 81., 373,
    187, 0, 135., 374, 348, 0, 4., 375, 349, 0, 39., 376, 198, 0, 70.,
    377, 521, 0, 14., 378, 351, 0, 28., 379, 356, 0, 50., 380, 667, 0,
    150., 381, 212, 0, 79., 382, 563, 0, 126., 383, 651, 0, 108., 384,
    362, 0, 74., 385, 313, 0, 89., 386, 556, 0, 122., 387, 367, 0, 115.,
    388, 38, 0, 124., 389, 225, 0, 147., 390, 369, 0, 134., 391, 225, 0,
    130., 392, 371, 0, 90., 393, 546, 0, 48., 394, 376, 0, 128., 395,
    377, 0, 58., 396, 448, 0, 139., 397, 379, 0, 116., 398, 156, 0, 105.,
    399, 547, 0, 82., 400, 278, 0, 100., 401, 383, 0, 4., 402, 384, 0,
    12., 403, 260, 0, 66., 404, 496, 0, 102., 405, 390, 0, 78., 406, 232,
    0, 137., 407, 500, 0, 119., 408, 391, 0, 69., 409, 392, 0, 95., 410,
    556, 0, 32., 411, 393, 0, 11., 412, 394, 0, 54., 413, 395, 0, 4.,
    414, 396, 0, 67., 415, 397, 0, 27., 416, 399, 0, 60., 417, 267, 0,
    117., 418, 265, 0, 17., 419, 562, 0, 94., 420, 406, 0, 12., 421, 504,
