%YAML:1.0
---
Matches: [ 0, 0, 0, 138., 1, 391, 0, 2766., 2, 339, 0, 2873., 3, 5, 0,
    327., 4, 467, 0, 3059., 5, 653, 0, 3270., 6, 692, 0, 3448., 7, 7, 0,
    1257., 8, 9, 0, 884., 9, 164, 0, 2867., 10, 9, 0, 1009., 11, 12, 0,
    415., 12, 169, 0, 3974., 13, 8, 0, 2023., 14, 14, 0, 318., 15, 14, 0,
    701., 16, 15, 0, 2065., 17, 17, 0, 1783., 18, 18, 0, 1007., 19, 19,
    0, 2232., 20, 155, 0, 3011., 21, 402, 0, 4439., 22, 24, 0, 1048., 23,
    29, 0, 634., 24, 125, 0, 3527., 25, 312, 0, 4524., 26, 29, 0, 3061.,
    27, 33, 0, 1596., 28, 82, 0, 1838., 29, 130, 0, 4012., 30, 33, 0,
    2720., 31, 0, 0, 3188., 32, 278, 0, 2786., 33, 189, 0, 3495., 34, 68,
    0, 3884., 35, 123, 0, 3205., 36, 259, 0, 3071., 37, 169, 0, 2477.,
    38, 80, 0, 3742., 39, 418, 0, 3881., 40, 500, 0, 3492., 41, 38, 0,
    408., 42, 41, 0, 1164., 43, 44, 0, 1175., 44, 44, 0, 944., 45, 199,
    0, 4142., 46, 139, 0, 3076., 47, 134, 0, 3086., 48, 104, 0, 3732.,
    49, 49, 0, 676., 50, 50, 0, 580., 51, 76, 0, 3092., 52, 68, 0, 3759.,
    53, 112, 0, 3330., 54, 52, 0, 613., 55, 52, 0, 2577., 56, 406, 0,
    3375., 57, 2, 0, 2729., 58, 55, 0, 2525., 59, 129, 0, 3626., 60, 57,
    0, 1016., 61, 676, 0, 4061., 62, 38, 0, 4061., 63, 59, 0, 3067., 64,
    59, 0, 3170., 65, 62, 0, 612., 66, 31, 0, 3006., 67, 673, 0, 3111.,
    68, 291, 0, 1732., 69, 65, 0, 1870., 70, 58, 0, 3278., 71, 568, 0,
    3516., 72, 64, 0, 1517., 73, 68, 0, 671., 74, 70, 0, 1262., 75, 282,
    0, 3496., 76, 447, 0, 1418., 77, 71, 0, 2210., 78, 128, 0, 2720., 79,
    69, 0, 1299., 80, 249, 0, 2286., 81, 289, 0, 2894., 82, 74, 0, 2213.,
    83, 78, 0, 450., 84, 75, 0, 977., 85, 75, 0, 2431., 86, 79, 0, 1854.,
    87, 170, 0, 3127., 88, 79, 0, 3893., 89, 82, 0, 450., 90, 162, 0,
    3039., 91, 221, 0, 2811., 92, 80, 0, 3127., 93, 507, 0, 2923., 94,
    86, 0, 870., 95, 108, 0, 2869., 96, 87, 0, 480., 97, 731, 0, 3684.,
    98, 185, 0, 3390., 99, 551, 0, 4158., 100, 90, 0, 3105., 101, 93, 0,
    2148., 102, 94, 0, 1091., 103, 305, 0, 3393., 104, 96, 0, 2172., 105,
    100, 0, 987., 106, 305, 0, 3119., 107, 97, 0, 1471., 108, 95, 0,
    3146., 109, 26, 0, 1949., 110, 104, 0, 1070., 111, 107, 0, 1730.,
    112, 107, 0, 2509., 113, 108, 0, 1048., 114, 562, 0, 3593., 115, 655,
    0, 3548., 116, 50, 0, 2592., 117, 166, 0, 4217., 118, 111, 0, 1330.,
    119, 309, 0, 3715., 120, 553, 0, 3468., 121, 320, 0, 2257., 122, 348,
    0, 3936., 123, 129, 0, 2744., 124, 118, 0, 3127., 125, 116, 0, 1736.,
    126, 121, 0, 3366., 127, 119, 0, 820., 128, 122, 0, 1379., 129, 123,
    0, 1243., 130, 124, 0, 609., 131, 393, 0, 3074., 132, 126, 0, 917.,
    133, 505, 0, 3089., 134, 351, 0, 3183., 135, 127, 0, 635., 136, 128,
    0, 1815., 137, 128, 0, 1744., 138, 132, 0, 2965., 139, 129, 0, 786.,
    140, 130, 0, 772., 141, 131, 0, 2273., 142, 133, 0, 1485., 143, 161,
    0, 2304., 144, 97, 0, 1574., 145, 136, 0, 913., 146, 138, 0, 364.,
    147, 502, 0, 2987., 148, 274, 0, 4144., 149, 139, 0, 1017., 150, 115,
    0, 1855., 151, 143, 0, 2718., 152, 317, 0, 2421., 153, 144, 0, 292.,
    154, 446, 0, 3304., 155, 146, 0, 2379., 156, 148, 0, 808., 157, 323,
    0, 1020., 158, 149, 0, 2575., 159, 150, 0, 1867., 160, 214, 0, 2591.,
    161, 151, 0, 586., 162, 152, 0, 502., 163, 153, 0, 846., 164, 155, 0,
    1155., 165, 154, 0, 1291., 166, 327, 0, 1449., 167, 157, 0, 420.,
    168, 151, 0, 2441., 169, 162, 0, 1135., 170, 159, 0, 2686., 171, 165,
    0, 2168., 172, 163, 0, 316., 173, 165, 0, 965., 174, 167, 0, 724.,
    175, 169, 0, 1055., 176, 170, 0, 765., 177, 174, 0, 2848., 178, 164,
    0, 1956., 179, 173, 0, 711., 180, 168, 0, 3795., 181, 172, 0, 991.,
    182, 174, 0, 560., 183, 175, 0, 1130., 184, 132, 0, 3219., 185, 178,
    0, 140., 186, 342, 0, 1967., 187, 179, 0, 1334., 188, 180, 0, 2866.,
    189, 182, 0, 2827., 190, 184, 0, 499., 191, 163, 0, 2725., 192, 340,
    0, 2915., 193, 132, 0, 2290., 194, 67, 0, 3326., 195, 186, 0, 1835.,
    196, 191, 0, 1100., 197, 189, 0, 454., 198, 190, 0, 1101., 199, 187,
    0, 716., 200, 193, 0, 1611., 201, 195, 0, 873., 202, 194, 0, 2016.,
    203, 348, 0, 2340., 204, 196, 0, 224., 205, 286, 0, 4185., 206, 197,
    0, 313., 207, 200, 0, 1553., 208, 204, 0, 1662., 209, 205, 0, 1227.,
    210, 228, 0, 3904., 211, 201, 0, 1056., 212, 352, 0, 2496., 213, 128,
    0, 2896., 214, 203, 0, 2587., 215, 208, 0, 486., 216, 210, 0, 916.,
    217, 213, 0, 852., 218, 209, 0, 467., 219, 212, 0, 1110., 220, 227,
    0, 3297., 221, 216, 0, 2219., 222, 211, 0, 995., 223, 215, 0, 2644.,
    224, 217, 0, 137., 225, 215, 0, 619., 226, 218, 0, 1976., 227, 218,
    0, 512., 228, 219, 0, 1304., 229, 219, 0, 1980., 230, 221, 0, 2418.,
    231, 222, 0, 505., 232, 97, 0, 2570., 233, 223, 0, 960., 234, 710, 0,
    3394., 235, 224, 0, 3793., 236, 689, 0, 3455., 237, 228, 0, 2169.,
    238, 107, 0, 4254., 239, 90, 0, 3815., 240, 131, 0, 3395., 241, 127,
    0, 3689., 242, 240, 0, 1008., 243, 396, 0, 3300., 244, 58, 0, 3819.,
    245, 239, 0, 3826., 246, 225, 0, 3789., 247, 480, 0, 4343., 248, 662,
    0, 3705., 249, 201, 0, 4025., 250, 241, 0, 3810., 251, 546, 0, 3765.,
    252, 249, 0, 3396., 253, 373, 0, 3338., 254, 623, 0, 4022., 255, 376,
    0, 3090., 256, 279, 0, 3844., 257, 250, 0, 2927., 258, 252, 0, 1741.,
    259, 254, 0, 2731., 260, 255, 0, 913., 261, 38, 0, 2846., 262, 255,
    0, 2627., 263, 328, 0, 2328., 264, 491, 0, 3112., 265, 260, 0, 1057.,
    266, 2, 0, 2693., 267, 3, 0, 1067., 268, 313, 0, 3536., 269, 263, 0,
    663., 270, 266, 0, 266., 271, 267, 0, 808., 272, 404, 0, 255., 273,
    404, 0, 1758., 274, 269, 0, 3294., 275, 270, 0, 475., 276, 268, 0,
    1502., 277, 271, 0, 204., 278, 24, 0, 2775., 279, 523, 0, 3756., 280,
    397, 0, 4021., 281, 110, 0, 3148., 282, 110, 0, 2842., 283, 29, 0,
    3750., 284, 586, 0, 4165., 285, 274, 0, 1036., 286, 275, 0, 3117.,
    287, 360, 0, 4179., 288, 300, 0, 3312., 289, 137, 0, 3120., 290, 265,
    0, 2944., 291, 137, 0, 3394., 292, 391, 0, 4386., 293, 121, 0, 3566.,
    294, 418, 0, 3705., 295, 194, 0, 3440., 296, 68, 0, 3557., 297, 279,
    0, 2045., 298, 52, 0, 3793., 299, 68, 0, 3458., 300, 387, 0, 3392.,
    301, 164, 0, 3247., 302, 281, 0, 717., 303, 60, 0, 3368., 304, 620,
    0, 4180., 305, 285, 0, 2566., 306, 282, 0, 3672., 307, 61, 0, 545.,
    308, 291, 0, 2727., 309, 568, 0, 3454., 310, 289, 0, 954., 311, 442,
    0, 2790., 312, 71, 0, 2222., 313, 294, 0, 1017., 314, 450, 0, 2258.,
    315, 295, 0, 478., 316, 82, 0, 2049., 317, 142, 0, 3610., 318, 383,
    0, 3339., 319, 255, 0, 3612., 320, 730, 0, 3120., 321, 302, 0, 2385.,
    322, 308, 0, 1009., 323, 143, 0, 4055., 324, 307, 0, 1896., 325, 309,
    0, 1243., 326, 298, 0, 3385., 327, 463, 0, 3831., 328, 563, 0, 3604.,
    329, 536, 0, 3854., 330, 114, 0, 2797., 331, 116, 0, 2861., 332, 320,
    0, 2771., 333, 310, 0, 1518., 334, 38, 0, 3254., 335, 95, 0, 3560.,
    336, 397, 0, 3086., 337, 390, 0, 3147., 338, 478, 0, 944., 339, 132,
    0, 3263., 340, 295, 0, 2882., 341, 133, 0, 1816., 342, 485, 0, 2740.,
    343, 115, 0, 1997., 344, 261, 0, 2699., 345, 140, 0, 2743., 346, 510,
    0, 4081., 347, 22, 0, 2470., 348, 320, 0, 2243., 349, 321, 0, 1553.,
    350, 322, 0, 1888., 351, 323, 0, 1355., 352, 324, 0, 3552., 353, 325,
    0, 575., 354, 495, 0, 1534., 355, 495, 0, 1011., 356, 156, 0, 1133.,
    357, 331, 0, 214., 358, 333, 0, 1824., 359, 167, 0, 1409., 360, 164,
    0, 1959., 361, 336, 0, 253., 362, 503, 0, 974., 363, 337, 0, 1008.,
    364, 339, 0, 739., 365, 340, 0, 2464., 366, 343, 0, 529., 367, 342,
    0, 1949., 368, 344, 0, 3192., 369, 169, 0, 3053., 370, 345, 0, 1433.,
    371, 204, 0, 3906., 372, 189, 0, 2400., 373, 627, 0, 3496., 374, 348,
    0, 136., 375, 349, 0, 1055., 376, 198, 0, 2273., 377, 521, 0, 468.,
    378, 351, 0, 594., 379, 356, 0, 1826., 380, 492, 0, 3722., 381, 212,
    0, 2643., 382, 563, 0, 3670., 383, 651, 0, 3212., 384, 362, 0, 2587.,
    385, 313, 0, 2179., 386, 556, 0, 3342., 387, 367, 0, 3287., 388, 38,
