%YAML:1.0
---
Matches: [ 0, 0, 0, 9.0708320617675781e+01, 1, 391, 0,
    5.3878936767578125e+02, 2, 327, 0, 6.1733135986328125e+02, 3, 5, 0,
    1.8285786437988281e+02, 4, 653, 0, 6.5730816650390625e+02, 5, 653, 0,
    6.4031085205078125e+02, 6, 4, 0, 6.5880651855468750e+02, 7, 7, 0,
    3.3557861328125000e+02, 8, 9, 0, 3.0821746826171875e+02, 9, 44, 0,
    6.2347656250000000e+02, 10, 9, 0, 3.2463671875000000e+02, 11, 12, 0,
    1.8078440856933594e+02, 12, 349, 0, 7.5771960449218750e+02, 13, 8, 0,
    4.3827047729492188e+02, 14, 14, 0, 1.1381564331054688e+02, 15, 14, 0,
    2.1263348388671875e+02, 16, 15, 0, 4.7154321289062500e+02, 17, 17, 0,
    4.5587170410156250e+02, 18, 18, 0, 2.9502032470703125e+02, 19, 19, 0,
    5.1176947021484375e+02, 20, 452, 0, 5.8483843994140625e+02, 21, 402,
    0, 7.7236840820312500e+02, 22, 24, 0, 3.5441500854492188e+02, 23, 29,
    0, 2.5449951171875000e+02, 24, 125, 0, 6.5450360107421875e+02, 25,
    562, 0, 8.2611621093750000e+02, 26, 29, 0, 6.1008605957031250e+02,
    27, 33, 0, 4.5307394409179688e+02, 28, 82, 0, 4.8825607299804688e+02,
    29, 221, 0, 7.0660809326171875e+02, 30, 33, 0,
    5.3497479248046875e+02, 31, 0, 0, 6.1090423583984375e+02, 32, 278, 0,
    5.7523736572265625e+02, 33, 189, 0, 6.3811676025390625e+02, 34, 629,
    0, 7.4411560058593750e+02, 35, 119, 0, 6.1499755859375000e+02, 36,
    505, 0, 6.2621484375000000e+02, 37, 339, 0, 5.1601068115234375e+02,
    38, 259, 0, 6.8764160156250000e+02, 39, 418, 0,
    7.3123663330078125e+02, 40, 500, 0, 6.4364276123046875e+02, 41, 38,
    0, 1.3509996032714844e+02, 42, 41, 0, 3.2239727783203125e+02, 43, 44,
    0, 3.4413516235351563e+02, 44, 44, 0, 2.7826245117187500e+02, 45, 35,
    0, 7.5156903076171875e+02, 46, 139, 0, 5.9090441894531250e+02, 47,
    127, 0, 6.0181390380859375e+02, 48, 104, 0, 6.8717681884765625e+02,
    49, 49, 0, 2.2852133178710938e+02, 50, 50, 0, 2.4935917663574219e+02,
    51, 76, 0, 6.4656323242187500e+02, 52, 68, 0, 7.6145587158203125e+02,
    53, 404, 0, 6.4185125732421875e+02, 54, 52, 0,
    2.4292179870605469e+02, 55, 52, 0, 5.2279156494140625e+02, 56, 406,
    0, 6.5413226318359375e+02, 57, 390, 0, 5.8229547119140625e+02, 58,
    55, 0, 5.5677014160156250e+02, 59, 349, 0, 6.8606048583984375e+02,
    60, 57, 0, 3.1202563476562500e+02, 61, 415, 0,
    7.8210357666015625e+02, 62, 620, 0, 7.6765093994140625e+02, 63, 59,
    0, 6.2951489257812500e+02, 64, 329, 0, 6.6284234619140625e+02, 65,
    62, 0, 2.1098341369628906e+02, 66, 31, 0, 6.0634808349609375e+02, 67,
    673, 0, 6.2427795410156250e+02, 68, 291, 0, 3.9595452880859375e+02,
    69, 65, 0, 4.6717449951171875e+02, 70, 58, 0, 6.9746685791015625e+02,
    71, 568, 0, 6.6006512451171875e+02, 72, 64, 0,
    4.2101425170898438e+02, 73, 68, 0, 2.8741085815429688e+02, 74, 70, 0,
    3.6567745971679688e+02, 75, 282, 0, 6.7688848876953125e+02, 76, 447,
    0, 4.0998535156250000e+02, 77, 71, 0, 5.2323992919921875e+02, 78,
    128, 0, 6.0800659179687500e+02, 79, 69, 0, 3.4492752075195313e+02,
    80, 249, 0, 4.8196472167968750e+02, 81, 289, 0,
    5.6960864257812500e+02, 82, 74, 0, 4.5602520751953125e+02, 83, 78, 0,
    2.0104228210449219e+02, 84, 75, 0, 2.9561968994140625e+02, 85, 75, 0,
    5.2327337646484375e+02, 86, 79, 0, 4.5905337524414063e+02, 87, 170,
    0, 6.2370428466796875e+02, 88, 79, 0, 7.1371911621093750e+02, 89, 82,
    0, 2.0529977416992188e+02, 90, 162, 0, 6.3235510253906250e+02, 91,
    184, 0, 5.8962530517578125e+02, 92, 80, 0, 5.7343438720703125e+02,
    93, 507, 0, 5.7931768798828125e+02, 94, 86, 0,
    2.9926242065429688e+02, 95, 386, 0, 6.6987091064453125e+02, 96, 87,
    0, 2.2852571105957031e+02, 97, 731, 0, 6.8486492919921875e+02, 98,
    185, 0, 7.0011145019531250e+02, 99, 251, 0, 7.3676184082031250e+02,
    100, 90, 0, 6.4710198974609375e+02, 101, 93, 0,
    5.0119256591796875e+02, 102, 94, 0, 3.3056164550781250e+02, 103, 305,
    0, 6.7900439453125000e+02, 104, 96, 0, 4.6328823852539063e+02, 105,
    100, 0, 3.3929779052734375e+02, 106, 305, 0, 6.5352197265625000e+02,
    107, 97, 0, 3.8207199096679688e+02, 108, 36, 0,
    6.5968176269531250e+02, 109, 26, 0, 4.2372750854492188e+02, 110, 104,
    0, 2.9605404663085938e+02, 111, 107, 0, 4.0564270019531250e+02, 112,
    107, 0, 5.1888629150390625e+02, 113, 108, 0, 3.3074765014648438e+02,
    114, 562, 0, 6.7605841064453125e+02, 115, 655, 0,
    7.0669653320312500e+02, 116, 50, 0, 5.0598617553710938e+02, 117, 722,
    0, 7.4901538085937500e+02, 118, 111, 0, 3.5713864135742188e+02, 119,
    563, 0, 6.8364025878906250e+02, 120, 553, 0, 6.4607739257812500e+02,
    121, 320, 0, 4.6283151245117188e+02, 122, 348, 0,
    7.3556781005859375e+02, 123, 401, 0, 5.5002819824218750e+02, 124,
    118, 0, 6.4557183837890625e+02, 125, 116, 0, 4.5184951782226563e+02,
    126, 121, 0, 6.5100842285156250e+02, 127, 119, 0,
    3.0094519042968750e+02, 128, 122, 0, 3.8892288208007813e+02, 129,
    123, 0, 3.5167456054687500e+02, 130, 124, 0, 2.2542182922363281e+02,
    131, 393, 0, 5.8993389892578125e+02, 132, 126, 0,
    2.7732110595703125e+02, 133, 386, 0, 6.1255285644531250e+02, 134,
    478, 0, 6.3413092041015625e+02, 135, 127, 0, 2.2629405212402344e+02,
    136, 128, 0, 4.0654275512695313e+02, 137, 128, 0,
    4.0864166259765625e+02, 138, 107, 0, 5.7279138183593750e+02, 139,
    129, 0, 3.0337435913085938e+02, 140, 130, 0, 2.7086160278320313e+02,
    141, 131, 0, 4.7922125244140625e+02, 142, 134, 0,
    3.8187826538085938e+02, 143, 161, 0, 5.2236004638671875e+02, 144, 97,
    0, 4.4915475463867188e+02, 145, 136, 0, 3.4537081909179688e+02, 146,
    138, 0, 2.1877384948730469e+02, 147, 502, 0, 5.7001141357421875e+02,
    148, 167, 0, 7.8146142578125000e+02, 149, 139, 0,
    3.5037265014648438e+02, 150, 115, 0, 4.0624499511718750e+02, 151,
    143, 0, 6.1346881103515625e+02, 152, 317, 0, 5.2427758789062500e+02,
    153, 144, 0, 1.1991664123535156e+02, 154, 623, 0,
    6.2819824218750000e+02, 155, 146, 0, 4.9312573242187500e+02, 156,
    148, 0, 2.9358813476562500e+02, 157, 323, 0, 3.4883233642578125e+02,
    158, 149, 0, 5.3465972900390625e+02, 159, 150, 0,
    4.3705035400390625e+02, 160, 162, 0, 5.3190600585937500e+02, 161,
    151, 0, 2.3842819213867188e+02, 162, 152, 0, 2.2737194824218750e+02,
    163, 153, 0, 2.8943048095703125e+02, 164, 155, 0,
    3.4654724121093750e+02, 165, 154, 0, 3.7179431152343750e+02, 166,
    327, 0, 3.8289816284179688e+02, 167, 157, 0, 2.4161125183105469e+02,
    168, 151, 0, 5.2284509277343750e+02, 169, 162, 0,
    3.1333529663085938e+02, 170, 495, 0, 6.0751458740234375e+02, 171,
    165, 0, 4.5207299804687500e+02, 172, 163, 0, 1.6054905700683594e+02,
    173, 165, 0, 3.0062768554687500e+02, 174, 167, 0,
    2.5873538208007813e+02, 175, 169, 0, 3.2523376464843750e+02, 176,
    170, 0, 2.2180397033691406e+02, 177, 174, 0, 5.9311047363281250e+02,
    178, 164, 0, 4.2830361938476563e+02, 179, 173, 0,
    2.3181674194335938e+02, 180, 637, 0, 7.0564862060546875e+02, 181,
    172, 0, 3.2150427246093750e+02, 182, 174, 0, 2.0979513549804688e+02,
    183, 175, 0, 3.0627764892578125e+02, 184, 132, 0,
    5.9609985351562500e+02, 185, 178, 0, 7.5286117553710938e+01, 186,
    342, 0, 4.7846524047851563e+02, 187, 179, 0, 3.8161499023437500e+02,
    188, 180, 0, 6.1991290283203125e+02, 189, 182, 0,
    5.3416009521484375e+02, 190, 184, 0, 1.8167277526855469e+02, 191,
    163, 0, 6.5663000488281250e+02, 192, 340, 0, 6.0416308593750000e+02,
    193, 132, 0, 4.8721862792968750e+02, 194, 329, 0,
    6.7932171630859375e+02, 195, 186, 0, 4.1431268310546875e+02, 196,
    191, 0, 3.0901455688476563e+02, 197, 189, 0, 2.0609220886230469e+02,
    198, 190, 0, 2.8895501708984375e+02, 199, 187, 0,
    2.7527078247070313e+02, 200, 193, 0, 3.9341961669921875e+02, 201,
    195, 0, 2.7682305908203125e+02, 202, 194, 0, 4.4527969360351563e+02,
    203, 348, 0, 4.9494039916992188e+02, 204, 196, 0,
    1.4664242553710938e+02, 205, 477, 0, 8.0347058105468750e+02, 206,
