%YAML:1.0
---
Matches: [ 0, 189, 0, 42., 1, 3, 0, 9., 2, 98, 0, 2., 3, 44, 0, 17., 4,
    146, 0, 28., 5, 17, 0, 25., 6, 24, 0, 25., 7, 224, 0, 49., 8, 32, 0,
    28., 9, 19, 0, 36., 10, 32, 0, 17., 11, 43, 0, 34., 12, 79, 0, 62.,
    13, 75, 0, 9., 14, 80, 0, 13., 15, 185, 0, 35., 16, 22, 0, 19., 17,
    193, 0, 43., 18, 130, 0, 36., 19, 149, 0, 48., 20, 100, 0, 16., 21,
    26, 0, 28., 22, 92, 0, 9., 23, 52, 0, 21., 24, 30, 0, 19., 25, 47, 0,
    34., 26, 99, 0, 28., 27, 98, 0, 39., 28, 2, 0, 23., 29, 38, 0, 16.,
    30, 11, 0, 23., 31, 56, 0, 42., 32, 131, 0, 54., 33, 128, 0, 29., 34,
    48, 0, 35., 35, 68, 0, 9., 36, 122, 0, 21., 37, 374, 0, 55., 38, 139,
    0, 49., 39, 106, 0, 31., 40, 139, 0, 42., 41, 57, 0, 18., 42, 212, 0,
    41., 43, 169, 0, 51., 44, 42, 0, 21., 45, 28, 0, 19., 46, 97, 0, 6.,
    47, 96, 0, 16., 48, 41, 0, 22., 49, 18, 0, 17., 50, 194, 0, 29., 51,
    46, 0, 19., 52, 87, 0, 64., 53, 74, 0, 11., 54, 83, 0, 34., 55, 16,
    0, 17., 56, 118, 0, 35., 57, 0, 0, 25., 58, 71, 0, 16., 59, 118, 0,
    42., 60, 8, 0, 14., 61, 6, 0, 22., 62, 0, 0, 26., 63, 67, 0, 21., 64,
    23, 0, 15., 65, 77, 0, 13., 66, 73, 0, 20., 67, 14, 0, 20., 68, 70,
    0, 17., 69, 9, 0, 24., 70, 25, 0, 24., 71, 40, 0, 8., 72, 69, 0, 14.,
    73, 151, 0, 50., 74, 62, 0, 26., 75, 64, 0, 22., 76, 83, 0, 39., 77,
    7, 0, 10., 78, 87, 0, 17., 79, 27, 0, 29., 80, 61, 0, 9., 81, 90, 0,
    14., 82, 259, 0, 42., 83, 346, 0, 37., 84, 25, 0, 24., 85, 174, 0,
    50., 86, 66, 0, 31., 87, 37, 0, 21., 88, 133, 0, 48., 89, 102, 0,
    49., 90, 39, 0, 23., 91, 238, 0, 52., 92, 35, 0, 39., 93, 34, 0, 26.,
    94, 76, 0, 40., 95, 95, 0, 41., 96, 139, 0, 42., 97, 108, 0, 19., 98,
    171, 0, 45., 99, 104, 0, 6., 100, 59, 0, 51., 101, 12, 0, 43., 102,
    79, 0, 18., 103, 6, 0, 56., 104, 276, 0, 43., 105, 136, 0, 29., 106,
    107, 0, 25., 107, 114, 0, 44., 108, 445, 0, 52., 109, 139, 0, 34.,
    110, 98, 0, 39., 111, 142, 0, 31., 112, 24, 0, 25., 113, 262, 0, 30.,
    114, 165, 0, 24., 115, 144, 0, 8., 116, 212, 0, 21., 117, 137, 0,
    17., 118, 136, 0, 26., 119, 203, 0, 26., 120, 132, 0, 28., 121, 190,
    0, 29., 122, 302, 0, 44., 123, 114, 0, 9., 124, 120, 0, 13., 125,
    110, 0, 11., 126, 169, 0, 43., 127, 68, 0, 52., 128, 172, 0, 34.,
    129, 110, 0, 55., 130, 45, 0, 49., 131, 2, 0, 24., 132, 257, 0, 31.,
    133, 115, 0, 30., 134, 160, 0, 20., 135, 116, 0, 16., 136, 138, 0,
    8., 137, 139, 0, 8., 138, 52, 0, 29., 139, 174, 0, 26., 140, 278, 0,
    37., 141, 36, 0, 40., 142, 160, 0, 50., 143, 123, 0, 23., 144, 153,
    0, 18., 145, 148, 0, 28., 146, 161, 0, 18., 147, 129, 0, 10., 148,
    141, 0, 23., 149, 151, 0, 7., 150, 154, 0, 18., 151, 170, 0, 12.,
    152, 51, 0, 54., 153, 232, 0, 41., 154, 156, 0, 42., 155, 125, 0,
    27., 156, 268, 0, 50., 157, 109, 0, 26., 158, 112, 0, 36., 159, 186,
    0, 18., 160, 187, 0, 31., 161, 231, 0, 27., 162, 149, 0, 26., 163,
    147, 0, 10., 164, 134, 0, 23., 165, 158, 0, 21., 166, 146, 0, 20.,
    167, 159, 0, 34., 168, 221, 0, 22., 169, 145, 0, 25., 170, 121, 0,
    22., 171, 113, 0, 15., 172, 49, 0, 50., 173, 143, 0, 30., 174, 122,
    0, 3., 175, 166, 0, 11., 176, 163, 0, 15., 177, 29, 0, 51., 178, 124,
    0, 23., 179, 118, 0, 19., 180, 6, 0, 60., 181, 217, 0, 33., 182, 22,
    0, 47., 183, 193, 0, 18., 184, 2, 0, 52., 185, 328, 0, 55., 186, 176,
    0, 14., 187, 167, 0, 19., 188, 324, 0, 33., 189, 175, 0, 14., 190,
    173, 0, 44., 191, 128, 0, 31., 192, 173, 0, 4., 193, 155, 0, 11.,
    194, 206, 0, 34., 195, 146, 0, 48., 196, 103, 0, 31., 197, 195, 0,
    15., 198, 325, 0, 62., 199, 225, 0, 16., 200, 116, 0, 36., 201, 257,
    0, 31., 202, 256, 0, 17., 203, 131, 0, 50., 204, 181, 0, 33., 205,
    259, 0, 20., 206, 237, 0, 7., 207, 205, 0, 16., 208, 260, 0, 15.,
    209, 217, 0, 14., 210, 250, 0, 29., 211, 249, 0, 10., 212, 152, 0,
    43., 213, 176, 0, 50., 214, 233, 0, 26., 215, 204, 0, 15., 216, 212,
    0, 14., 217, 262, 0, 13., 218, 245, 0, 14., 219, 248, 0, 20., 220,
    267, 0, 16., 221, 222, 0, 32., 222, 265, 0, 15., 223, 244, 0, 6.,
    224, 201, 0, 19., 225, 334, 0, 35., 226, 223, 0, 12., 227, 293, 0,
    30., 228, 235, 0, 37., 229, 231, 0, 28., 230, 202, 0, 30., 231, 234,
    0, 35., 232, 229, 0, 15., 233, 200, 0, 18., 234, 291, 0, 34., 235,
    227, 0, 20., 236, 110, 0, 47., 237, 224, 0, 36., 238, 239, 0, 20.,
    239, 220, 0, 21., 240, 240, 0, 31., 241, 252, 0, 11., 242, 251, 0,
    18., 243, 24, 0, 35., 244, 211, 0, 26., 245, 163, 0, 41., 246, 208,
    0, 27., 247, 221, 0, 5., 248, 169, 0, 30., 249, 278, 0, 19., 250,
    135, 0, 44., 251, 279, 0, 33., 252, 236, 0, 18., 253, 326, 0, 55.,
    254, 228, 0, 17., 255, 228, 0, 39., 256, 209, 0, 25., 257, 215, 0,
    13., 258, 264, 0, 20., 259, 86, 0, 57., 260, 266, 0, 23., 261, 168,
    0, 36., 262, 79, 0, 45., 263, 279, 0, 44., 264, 238, 0, 12., 265,
    206, 0, 28., 266, 263, 0, 13., 267, 173, 0, 52., 268, 54, 0, 45.,
    269, 474, 0, 60., 270, 219, 0, 16., 271, 425, 0, 27., 272, 272, 0,
    10., 273, 147, 0, 50., 274, 334, 0, 43., 275, 278, 0, 23., 276, 350,
    0, 46., 277, 262, 0, 56., 278, 306, 0, 31., 279, 280, 0, 18., 280,
    326, 0, 50., 281, 286, 0, 16., 282, 283, 0, 20., 283, 329, 0, 18.,
    284, 275, 0, 34., 285, 322, 0, 20., 286, 312, 0, 24., 287, 314, 0,
    15., 288, 304, 0, 20., 289, 362, 0, 30., 290, 319, 0, 32., 291, 237,
    0, 26., 292, 298, 0, 17., 293, 324, 0, 11., 294, 308, 0, 24., 295,
    276, 0, 10., 296, 222, 0, 47., 297, 212, 0, 26., 298, 244, 0, 29.,
    299, 222, 0, 40., 300, 112, 0, 33., 301, 299, 0, 14., 302, 277, 0,
    15., 303, 201, 0, 30., 304, 261, 0, 45., 305, 296, 0, 27., 306, 317,
    0, 19., 307, 295, 0, 42., 308, 300, 0, 18., 309, 112, 0, 38., 310,
    281, 0, 29., 311, 274, 0, 46., 312, 320, 0, 25., 313, 311, 0, 29.,
    314, 284, 0, 14., 315, 332, 0, 22., 316, 318, 0, 19., 317, 279, 0,
    42., 318, 279, 0, 15., 319, 316, 0, 13., 320, 291, 0, 31., 321, 309,
    0, 28., 322, 113, 0, 58., 323, 379, 0, 49., 324, 290, 0, 41., 325,
    328, 0, 27., 326, 336, 0, 16., 327, 327, 0, 59., 328, 327, 0, 27.,
    329, 323, 0, 22., 330, 425, 0, 25., 331, 337, 0, 55., 332, 330, 0,
    20., 333, 263, 0, 58., 334, 335, 0, 15., 335, 219, 0, 56., 336, 235,
    0, 53., 337, 353, 0, 20., 338, 360, 0, 24., 339, 371, 0, 10., 340,
    410, 0, 52., 341, 339, 0, 15., 342, 347, 0, 39., 343, 306, 0, 36.,
    344, 343, 0, 15., 345, 369, 0, 9., 346, 383, 0, 54., 347, 326, 0,
    50., 348, 354, 0, 38., 349, 379, 0, 32., 350, 282, 0, 32., 351, 346,
    0, 9., 352, 372, 0, 22., 353, 349, 0, 33., 354, 388, 0, 30., 355,
    473, 0, 64., 356, 102, 0, 51., 357, 363, 0, 13., 358, 355, 0, 9.,
    359, 344, 0, 40., 360, 337, 0, 13., 361, 385, 0, 21., 362, 359, 0,
    18., 363, 369, 0, 42., 364, 366, 0, 26., 365, 352, 0, 42., 366, 375,
    0, 23., 367, 380, 0, 17., 368, 341, 0, 21., 369, 345, 0, 21., 370,
    366, 0, 26., 371, 348, 0, 35., 372, 219, 0, 63., 373, 351, 0, 30.,
    374, 340, 0, 10., 375, 346, 0, 56., 376, 367, 0, 24., 377, 386, 0,
    34., 378, 338, 0, 14., 379, 334, 0, 44., 380, 423, 0, 31., 381, 424,
    0, 29., 382, 362, 0, 25., 383, 324, 0, 52., 384, 384, 0, 25., 385,
    374, 0, 18., 386, 405, 0, 23., 387, 324, 0, 22., 388, 377, 0, 10.,
    389, 410, 0, 23., 390, 408, 0, 16., 391, 354, 0, 55., 392, 392, 0,
    12., 393, 387, 0, 51., 394, 419, 0, 9., 395, 358, 0, 58., 396, 402,
    0, 34., 397, 409, 0, 28., 398, 447, 0, 40., 399, 390, 0, 38., 400,
    394, 0, 47., 401, 389, 0, 32., 402, 407, 0, 35., 403, 423, 0, 32.,
    404, 302, 0, 46., 405, 431, 0, 32., 406, 414, 0, 45., 407, 411, 0,
    36., 408, 400, 0, 14., 409, 415, 0, 19., 410, 376, 0, 38., 411, 416,
    0, 29., 412, 417, 0, 28., 413, 399, 0, 26., 414, 398, 0, 31., 415,
    391, 0, 19., 416, 446, 0, 25., 417, 371, 0, 51., 418, 396, 0, 17.,
    419, 420, 0, 19., 420, 421, 0, 25., 421, 428, 0, 14., 422, 429, 0,
    38., 423, 248, 0, 67., 424, 348, 0, 42., 425, 20, 0, 56., 426, 432,
    0, 32., 427, 395, 0, 21., 428, 405, 0, 20., 429, 466, 0, 61., 430, 1,
