%YAML:1.0
---
Matches: [ 0, 189, 0, 1169., 1, 3, 0, 261., 2, 98, 0, 16., 3, 44, 0,
    602., 4, 146, 0, 631., 5, 17, 0, 567., 6, 24, 0, 804., 7, 224, 0,
    1137., 8, 150, 0, 826., 9, 165, 0, 782., 10, 32, 0, 645., 11, 43, 0,
    1002., 12, 249, 0, 1360., 13, 75, 0, 153., 14, 80, 0, 370., 15, 185,
    0, 765., 16, 22, 0, 487., 17, 32, 0, 969., 18, 35, 0, 1026., 19, 92,
    0, 1454., 20, 100, 0, 392., 21, 26, 0, 546., 22, 92, 0, 349., 23, 52,
    0, 708., 24, 30, 0, 390., 25, 47, 0, 1252., 26, 190, 0, 717., 27, 98,
    0, 896., 28, 2, 0, 500., 29, 38, 0, 440., 30, 11, 0, 437., 31, 156,
    0, 836., 32, 406, 0, 1524., 33, 128, 0, 728., 34, 19, 0, 910., 35,
    68, 0, 232., 36, 122, 0, 604., 37, 410, 0, 949., 38, 139, 0, 937.,
    39, 106, 0, 866., 40, 139, 0, 788., 41, 57, 0, 385., 42, 42, 0,
    1042., 43, 178, 0, 1604., 44, 42, 0, 521., 45, 28, 0, 418., 46, 97,
    0, 157., 47, 96, 0, 539., 48, 46, 0, 602., 49, 18, 0, 658., 50, 194,
    0, 928., 51, 46, 0, 461., 52, 444, 0, 1416., 53, 74, 0, 428., 54, 83,
    0, 1182., 55, 16, 0, 466., 56, 118, 0, 697., 57, 0, 0, 668., 58, 71,
    0, 442., 59, 154, 0, 1406., 60, 8, 0, 218., 61, 6, 0, 967., 62, 149,
    0, 567., 63, 114, 0, 358., 64, 23, 0, 446., 65, 77, 0, 249., 66, 73,
    0, 624., 67, 14, 0, 558., 68, 70, 0, 549., 69, 9, 0, 938., 70, 25, 0,
    476., 71, 40, 0, 191., 72, 69, 0, 379., 73, 151, 0, 1095., 74, 64, 0,
    794., 75, 4, 0, 562., 76, 150, 0, 767., 77, 7, 0, 120., 78, 87, 0,
    478., 79, 27, 0, 855., 80, 61, 0, 88., 81, 90, 0, 145., 82, 114, 0,
    1129., 83, 284, 0, 1102., 84, 25, 0, 850., 85, 181, 0, 892., 86, 177,
    0, 1021., 87, 37, 0, 600., 88, 76, 0, 1328., 89, 398, 0, 1238., 90,
    39, 0, 675., 91, 238, 0, 1100., 92, 307, 0, 991., 93, 34, 0, 951.,
    94, 76, 0, 932., 95, 37, 0, 1374., 96, 139, 0, 1134., 97, 108, 0,
    486., 98, 171, 0, 1195., 99, 104, 0, 213., 100, 187, 0, 1298., 101,
    129, 0, 925., 102, 79, 0, 437., 103, 6, 0, 1565., 104, 238, 0, 1526.,
    105, 136, 0, 1064., 106, 107, 0, 589., 107, 114, 0, 1113., 108, 89,
    0, 1392., 109, 139, 0, 717., 110, 163, 0, 735., 111, 142, 0, 922.,
    112, 33, 0, 842., 113, 262, 0, 945., 114, 165, 0, 441., 115, 144, 0,
    173., 116, 212, 0, 604., 117, 137, 0, 416., 118, 136, 0, 599., 119,
    203, 0, 809., 120, 132, 0, 674., 121, 273, 0, 865., 122, 75, 0,
    1089., 123, 114, 0, 194., 124, 120, 0, 237., 125, 110, 0, 391., 126,
    169, 0, 1294., 127, 248, 0, 1139., 128, 172, 0, 770., 129, 257, 0,
    1219., 130, 424, 0, 1285., 131, 2, 0, 1135., 132, 257, 0, 947., 133,
    6, 0, 802., 134, 160, 0, 660., 135, 116, 0, 423., 136, 138, 0, 451.,
    137, 139, 0, 111., 138, 52, 0, 751., 139, 174, 0, 852., 140, 131, 0,
    844., 141, 39, 0, 797., 142, 265, 0, 1470., 143, 123, 0, 488., 144,
    153, 0, 417., 145, 28, 0, 652., 146, 161, 0, 574., 147, 129, 0, 466.,
    148, 141, 0, 588., 149, 151, 0, 122., 150, 154, 0, 471., 151, 170, 0,
    546., 152, 493, 0, 1784., 153, 162, 0, 1240., 154, 156, 0, 1163.,
    155, 125, 0, 759., 156, 268, 0, 1234., 157, 70, 0, 583., 158, 2, 0,
    790., 159, 186, 0, 720., 160, 187, 0, 1057., 161, 231, 0, 700., 162,
    149, 0, 648., 163, 147, 0, 216., 164, 37, 0, 1030., 165, 158, 0,
    860., 166, 146, 0, 306., 167, 159, 0, 1208., 168, 221, 0, 504., 169,
    248, 0, 807., 170, 121, 0, 521., 171, 113, 0, 637., 172, 126, 0,
    1469., 173, 13, 0, 990., 174, 122, 0, 84., 175, 166, 0, 210., 176,
    163, 0, 415., 177, 49, 0, 1548., 178, 124, 0, 764., 179, 118, 0,
    317., 180, 6, 0, 1912., 181, 217, 0, 743., 182, 317, 0, 1209., 183,
    193, 0, 397., 184, 13, 0, 1219., 185, 313, 0, 1141., 186, 176, 0,
    729., 187, 167, 0, 679., 188, 149, 0, 910., 189, 175, 0, 307., 190,
    392, 0, 1251., 191, 128, 0, 896., 192, 173, 0, 52., 193, 155, 0,
    220., 194, 206, 0, 1057., 195, 146, 0, 995., 196, 129, 0, 948., 197,
    195, 0, 576., 198, 498, 0, 1472., 199, 225, 0, 218., 200, 116, 0,
    732., 201, 257, 0, 776., 202, 256, 0, 1044., 203, 51, 0, 1780., 204,
    181, 0, 918., 205, 259, 0, 327., 206, 237, 0, 123., 207, 205, 0,
    643., 208, 260, 0, 459., 209, 217, 0, 404., 210, 250, 0, 798., 211,
    249, 0, 223., 212, 152, 0, 1176., 213, 262, 0, 1218., 214, 233, 0,
    610., 215, 204, 0, 436., 216, 212, 0, 304., 217, 262, 0, 421., 218,
    245, 0, 582., 219, 248, 0, 484., 220, 267, 0, 308., 221, 222, 0,
    812., 222, 265, 0, 768., 223, 244, 0, 198., 224, 201, 0, 484., 225,
    273, 0, 1040., 226, 223, 0, 387., 227, 293, 0, 1072., 228, 235, 0,
    1121., 229, 67, 0, 912., 230, 202, 0, 547., 231, 234, 0, 967., 232,
    229, 0, 440., 233, 200, 0, 449., 234, 291, 0, 983., 235, 227, 0,
    591., 236, 322, 0, 1365., 237, 157, 0, 1118., 238, 148, 0, 745., 239,
    220, 0, 733., 240, 240, 0, 1034., 241, 252, 0, 346., 242, 251, 0,
    477., 243, 24, 0, 1096., 244, 134, 0, 722., 245, 163, 0, 861., 246,
    345, 0, 932., 247, 221, 0, 83., 248, 169, 0, 1213., 249, 278, 0,
    328., 250, 135, 0, 1426., 251, 441, 0, 1163., 252, 236, 0, 263., 253,
    268, 0, 1443., 254, 228, 0, 595., 255, 28, 0, 1005., 256, 209, 0,
    558., 257, 215, 0, 483., 258, 264, 0, 549., 259, 233, 0, 1307., 260,
    266, 0, 380., 261, 137, 0, 1266., 262, 79, 0, 1588., 263, 279, 0,
    1317., 264, 238, 0, 386., 265, 206, 0, 568., 266, 263, 0, 359., 267,
    374, 0, 1297., 268, 472, 0, 1087., 269, 266, 0, 1771., 270, 219, 0,
    363., 271, 425, 0, 746., 272, 272, 0, 236., 273, 317, 0, 1201., 274,
    334, 0, 1046., 275, 278, 0, 896., 276, 350, 0, 846., 277, 317, 0,
    1287., 278, 306, 0, 848., 279, 280, 0, 413., 280, 268, 0, 1286., 281,
    286, 0, 428., 282, 283, 0, 592., 283, 329, 0, 371., 284, 275, 0,
    1024., 285, 322, 0, 405., 286, 312, 0, 701., 287, 314, 0, 269., 288,
    304, 0, 850., 289, 301, 0, 765., 290, 356, 0, 767., 291, 237, 0,
    995., 292, 298, 0, 651., 293, 324, 0, 319., 294, 308, 0, 995., 295,
    276, 0, 249., 296, 19, 0, 1161., 297, 319, 0, 567., 298, 307, 0,
    1207., 299, 222, 0, 805., 300, 247, 0, 603., 301, 299, 0, 543., 302,
    277, 0, 394., 303, 201, 0, 771., 304, 187, 0, 1066., 305, 215, 0,
    913., 306, 317, 0, 462., 307, 11, 0, 932., 308, 300, 0, 311., 309,
    112, 0, 758., 310, 281, 0, 1155., 311, 225, 0, 1375., 312, 320, 0,
    1018., 313, 311, 0, 1005., 314, 284, 0, 424., 315, 332, 0, 496., 316,
    318, 0, 530., 317, 279, 0, 1488., 318, 279, 0, 483., 319, 316, 0,
    147., 320, 291, 0, 1271., 321, 309, 0, 949., 322, 248, 0, 1260., 323,
    286, 0, 1385., 324, 290, 0, 1221., 325, 328, 0, 924., 326, 336, 0,
    639., 327, 377, 0, 1646., 328, 327, 0, 984., 329, 323, 0, 626., 330,
    425, 0, 918., 331, 295, 0, 1149., 332, 330, 0, 626., 333, 329, 0,
    1675., 334, 335, 0, 348., 335, 470, 0, 1574., 336, 235, 0, 1646.,
    337, 296, 0, 620., 338, 360, 0, 693., 339, 371, 0, 328., 340, 410, 0,
    1215., 341, 339, 0, 858., 342, 157, 0, 1176., 343, 358, 0, 937., 344,
    343, 0, 558., 345, 369, 0, 203., 346, 383, 0, 1061., 347, 315, 0,
    1224., 348, 354, 0, 1121., 349, 379, 0, 898., 350, 282, 0, 1084.,
    351, 346, 0, 220., 352, 372, 0, 786., 353, 287, 0, 802., 354, 388, 0,
    832., 355, 473, 0, 1415., 356, 291, 0, 1349., 357, 363, 0, 280., 358,
    355, 0, 445., 359, 344, 0, 1475., 360, 337, 0, 291., 361, 385, 0,
    702., 362, 359, 0, 631., 363, 369, 0, 965., 364, 366, 0, 853., 365,
    289, 0, 969., 366, 375, 0, 655., 367, 380, 0, 786., 368, 341, 0,
    254., 369, 345, 0, 968., 370, 366, 0, 702., 371, 348, 0, 762., 372,
    350, 0, 1179., 373, 311, 0, 687., 374, 340, 0, 313., 375, 103, 0,
    1369., 376, 367, 0, 786., 377, 112, 0, 634., 378, 338, 0, 499., 379,
    157, 0, 1163., 380, 423, 0, 907., 381, 361, 0, 796., 382, 362, 0,
    515., 383, 258, 0, 1195., 384, 384, 0, 1028., 385, 374, 0, 388., 386,
    382, 0, 744., 387, 324, 0, 463., 388, 377, 0, 444., 389, 410, 0,
    723., 390, 408, 0, 477., 391, 393, 0, 1563., 392, 392, 0, 219., 393,
    388, 0, 1418., 394, 419, 0, 295., 395, 358, 0, 1434., 396, 402, 0,
    909., 397, 409, 0, 691., 398, 369, 0, 837., 399, 390, 0, 987., 400,
