%YAML:1.0
---
Matches: [ 0, 338, 0, 3.2465057373046875e+02, 1, 3, 0,
    1.4797634887695313e+02, 2, 98, 0, 1.1313708305358887e+01, 3, 44, 0,
    2.2089364624023438e+02, 4, 146, 0, 1.8644302368164063e+02, 5, 17, 0,
    1.8497297668457031e+02, 6, 33, 0, 2.6163140869140625e+02, 7, 359, 0,
    3.5096865844726563e+02, 8, 150, 0, 2.3268003845214844e+02, 9, 165, 0,
    2.3957044982910156e+02, 10, 32, 0, 2.1292486572265625e+02, 11, 170,
    0, 2.9095361328125000e+02, 12, 415, 0, 3.2593865966796875e+02, 13,
    75, 0, 8.0143623352050781e+01, 14, 80, 0, 1.8923530578613281e+02, 15,
    185, 0, 2.6281741333007813e+02, 16, 22, 0, 1.9872341918945313e+02,
    17, 32, 0, 2.6254714965820313e+02, 18, 39, 0, 2.6947540283203125e+02,
    19, 337, 0, 3.5652069091796875e+02, 20, 100, 0,
    1.8076504516601563e+02, 21, 26, 0, 2.0663011169433594e+02, 22, 92, 0,
    1.4778700256347656e+02, 23, 52, 0, 2.5844534301757813e+02, 24, 30, 0,
    1.7220336914062500e+02, 25, 339, 0, 3.4580340576171875e+02, 26, 273,
    0, 2.3081811523437500e+02, 27, 2, 0, 2.4151397705078125e+02, 28, 2,
    0, 2.1095497131347656e+02, 29, 38, 0, 1.8588168334960938e+02, 30, 11,
    0, 1.9310877990722656e+02, 31, 156, 0, 2.4642645263671875e+02, 32,
    406, 0, 3.7021884155273438e+02, 33, 128, 0, 2.5779061889648438e+02,
    34, 19, 0, 2.3697679138183594e+02, 35, 68, 0, 1.3867948913574219e+02,
    36, 122, 0, 2.4168574523925781e+02, 37, 374, 0,
    2.6678643798828125e+02, 38, 139, 0, 2.5513330078125000e+02, 39, 157,
    0, 2.7954428100585938e+02, 40, 139, 0, 2.5868127441406250e+02, 41,
    57, 0, 1.6545996093750000e+02, 42, 28, 0, 3.1503015136718750e+02, 43,
    178, 0, 3.9510504150390625e+02, 44, 42, 0, 2.2661199951171875e+02,
    45, 28, 0, 1.8649932861328125e+02, 46, 97, 0, 1.2921687316894531e+02,
    47, 96, 0, 2.1658947753906250e+02, 48, 46, 0, 2.4019575500488281e+02,
    49, 18, 0, 2.3297210693359375e+02, 50, 194, 0,
    3.0700488281250000e+02, 51, 46, 0, 1.9260061645507813e+02, 52, 444,
    0, 3.0194702148437500e+02, 53, 74, 0, 1.9613771057128906e+02, 54, 72,
    0, 3.0786523437500000e+02, 55, 16, 0, 1.8515399169921875e+02, 56,
    118, 0, 2.0087557983398438e+02, 57, 0, 0, 2.4251597595214844e+02, 58,
    71, 0, 1.9278485107421875e+02, 59, 291, 0, 3.4857424926757813e+02,
    60, 8, 0, 1.0118300628662109e+02, 61, 6, 0, 3.1090353393554688e+02,
    62, 149, 0, 1.8065713500976563e+02, 63, 114, 0,
    1.5949295043945313e+02, 64, 23, 0, 2.0646064758300781e+02, 65, 77, 0,
    1.3732078552246094e+02, 66, 125, 0, 2.1015708923339844e+02, 67, 14,
    0, 2.2172055053710938e+02, 68, 70, 0, 2.0659381103515625e+02, 69, 3,
    0, 2.4831028747558594e+02, 70, 25, 0, 1.9337011718750000e+02, 71, 40,
    0, 1.3319534301757813e+02, 72, 69, 0, 1.4284606933593750e+02, 73,
    151, 0, 3.0424496459960938e+02, 74, 64, 0, 2.4974787902832031e+02,
    75, 4, 0, 1.9381950378417969e+02, 76, 150, 0, 2.2350614929199219e+02,
    77, 7, 0, 5.1768714904785156e+01, 78, 87, 0, 2.1264054870605469e+02,
    79, 27, 0, 2.7564288330078125e+02, 80, 61, 0, 4.6540306091308594e+01,
    81, 90, 0, 5.7991378784179688e+01, 82, 150, 0,
    3.0336776733398438e+02, 83, 121, 0, 2.7549047851562500e+02, 84, 3, 0,
    2.6804476928710938e+02, 85, 181, 0, 2.5055139160156250e+02, 86, 177,
    0, 3.0167034912109375e+02, 87, 37, 0, 2.1826589965820313e+02, 88, 28,
    0, 3.5216900634765625e+02, 89, 398, 0, 3.1321878051757813e+02, 90,
    39, 0, 2.3092639160156250e+02, 91, 238, 0, 2.7440844726562500e+02,
    92, 315, 0, 2.8497018432617188e+02, 93, 34, 0,
    3.0443225097656250e+02, 94, 76, 0, 2.6277368164062500e+02, 95, 154,
    0, 3.4990713500976563e+02, 96, 139, 0, 3.2935696411132813e+02, 97,
    108, 0, 2.0915066528320313e+02, 98, 171, 0, 3.3849224853515625e+02,
    99, 104, 0, 1.4045996093750000e+02, 100, 187, 0,
    3.1667648315429688e+02, 101, 129, 0, 2.9715148925781250e+02, 102, 79,
    0, 1.7610508728027344e+02, 103, 6, 0, 3.6717977905273438e+02, 104,
    238, 0, 3.5460400390625000e+02, 105, 136, 0, 3.2345632934570313e+02,
    106, 107, 0, 2.3330023193359375e+02, 107, 32, 0,
    2.9438241577148438e+02, 108, 89, 0, 3.5423156738281250e+02, 109, 139,
    0, 2.5007798767089844e+02, 110, 163, 0, 2.2153329467773438e+02, 111,
    142, 0, 2.8919543457031250e+02, 112, 33, 0, 2.4792337036132813e+02,
    113, 262, 0, 3.1484759521484375e+02, 114, 165, 0,
    1.6090058898925781e+02, 115, 144, 0, 1.3031883239746094e+02, 116,
    356, 0, 2.4058470153808594e+02, 117, 213, 0, 2.0268695068359375e+02,
    118, 136, 0, 2.1953814697265625e+02, 119, 168, 0,
    2.7715338134765625e+02, 120, 39, 0, 2.2028617858886719e+02, 121, 273,
    0, 2.7679776000976563e+02, 122, 179, 0, 2.8806423950195313e+02, 123,
    114, 0, 1.3279307556152344e+02, 124, 120, 0, 1.1203124237060547e+02,
    125, 110, 0, 1.6782431030273438e+02, 126, 169, 0,
    3.4363934326171875e+02, 127, 374, 0, 2.9921731567382813e+02, 128,
    172, 0, 2.5969982910156250e+02, 129, 257, 0, 2.9819958496093750e+02,
    130, 114, 0, 3.0736624145507813e+02, 131, 415, 0,
    2.8685885620117188e+02, 132, 54, 0, 2.6466394042968750e+02, 133, 6,
    0, 2.5480973815917969e+02, 134, 160, 0, 2.6497171020507813e+02, 135,
    116, 0, 1.7475984191894531e+02, 136, 138, 0, 2.2460855102539063e+02,
    137, 139, 0, 7.2076347351074219e+01, 138, 52, 0,
    2.4828411865234375e+02, 139, 251, 0, 2.7079696655273438e+02, 140,
    131, 0, 2.5480187988281250e+02, 141, 39, 0, 2.1143556213378906e+02,
    142, 432, 0, 3.5887185668945313e+02, 143, 123, 0,
    1.7685021972656250e+02, 144, 65, 0, 1.7299133300781250e+02, 145, 28,
    0, 2.2087553405761719e+02, 146, 161, 0, 2.3043003845214844e+02, 147,
    129, 0, 2.0762466430664063e+02, 148, 141, 0, 2.2064904785156250e+02,
    149, 151, 0, 7.3607063293457031e+01, 150, 154, 0,
    1.7482849121093750e+02, 151, 225, 0, 2.3044088745117188e+02, 152,
    493, 0, 4.1329891967773438e+02, 153, 162, 0, 3.6982427978515625e+02,
    154, 156, 0, 3.3212799072265625e+02, 155, 166, 0,
    2.4829216003417969e+02, 156, 125, 0, 3.3848336791992188e+02, 157, 70,
    0, 2.2429222106933594e+02, 158, 2, 0, 2.5980761718750000e+02, 159,
    186, 0, 2.8357360839843750e+02, 160, 187, 0, 3.1158786010742188e+02,
    161, 231, 0, 2.3059487915039063e+02, 162, 149, 0,
    2.1130073547363281e+02, 163, 147, 0, 1.3442469787597656e+02, 164, 37,
    0, 3.1945578002929688e+02, 165, 158, 0, 3.1275869750976563e+02, 166,
    146, 0, 1.0979981994628906e+02, 167, 149, 0, 3.0984350585937500e+02,
    168, 221, 0, 2.5856915283203125e+02, 169, 248, 0,
    2.4165057373046875e+02, 170, 121, 0, 2.3567562866210938e+02, 171,
    163, 0, 2.0333715820312500e+02, 172, 49, 0, 3.6619802856445313e+02,
    173, 98, 0, 3.1122177124023438e+02, 174, 122, 0,
    6.6090843200683594e+01, 175, 166, 0, 1.3562448120117188e+02, 176,
    163, 0, 1.7293640136718750e+02, 177, 280, 0, 3.7098114013671875e+02,
    178, 124, 0, 2.6742474365234375e+02, 179, 118, 0,
    1.4382281494140625e+02, 180, 20, 0, 4.1568859863281250e+02, 181, 217,
    0, 2.2314344787597656e+02, 182, 317, 0, 3.0789447021484375e+02, 183,
    193, 0, 1.6720944213867188e+02, 184, 13, 0, 3.1661175537109375e+02,
    185, 313, 0, 2.7118814086914063e+02, 186, 176, 0,
    2.6174987792968750e+02, 187, 167, 0, 2.3500851440429688e+02, 188, 54,
    0, 2.3027374267578125e+02, 189, 175, 0, 1.7403735351562500e+02, 190,
    392, 0, 3.5290084838867188e+02, 191, 128, 0, 2.8607690429687500e+02,
    192, 173, 0, 3.4176013946533203e+01, 193, 155, 0,
    1.3460311889648438e+02, 194, 39, 0, 3.0192547607421875e+02, 195, 0,
    0, 2.6906503295898438e+02, 196, 129, 0, 2.8698779296875000e+02, 197,
    195, 0, 2.2362020874023438e+02, 198, 473, 0, 3.8423431396484375e+02,
    199, 225, 0, 8.4059501647949219e+01, 200, 116, 0,
    2.3026940917968750e+02, 201, 257, 0, 2.5082264709472656e+02, 202,
    256, 0, 3.1598733520507813e+02, 203, 71, 0, 4.3850198364257813e+02,
    204, 105, 0, 2.9550296020507813e+02, 205, 259, 0,
    1.5527073669433594e+02, 206, 237, 0, 7.3790245056152344e+01, 207,
