%YAML:1.0
---
Matches: [ 0, 189, 0, 52., 1, 3, 0, 9., 2, 98, 0, 2., 3, 44, 0, 17., 4,
    59, 0, 29., 5, 17, 0, 26., 6, 24, 0, 26., 7, 224, 0, 56., 8, 32, 0,
    30., 9, 19, 0, 39., 10, 32, 0, 17., 11, 43, 0, 34., 12, 248, 0, 69.,
    13, 75, 0, 9., 14, 80, 0, 13., 15, 185, 0, 39., 16, 22, 0, 19., 17,
    193, 0, 53., 18, 130, 0, 41., 19, 149, 0, 59., 20, 100, 0, 17., 21,
    26, 0, 30., 22, 92, 0, 10., 23, 52, 0, 22., 24, 30, 0, 20., 25, 47,
    0, 35., 26, 190, 0, 30., 27, 98, 0, 42., 28, 2, 0, 24., 29, 38, 0,
    16., 30, 11, 0, 23., 31, 56, 0, 47., 32, 131, 0, 61., 33, 128, 0,
    30., 34, 48, 0, 39., 35, 68, 0, 9., 36, 122, 0, 21., 37, 374, 0, 63.,
    38, 139, 0, 56., 39, 106, 0, 33., 40, 139, 0, 44., 41, 57, 0, 18.,
    42, 212, 0, 46., 43, 169, 0, 61., 44, 42, 0, 21., 45, 28, 0, 19., 46,
    97, 0, 6., 47, 96, 0, 17., 48, 41, 0, 24., 49, 18, 0, 17., 50, 194,
    0, 30., 51, 46, 0, 19., 52, 206, 0, 71., 53, 74, 0, 11., 54, 83, 0,
    37., 55, 16, 0, 17., 56, 118, 0, 42., 57, 0, 0, 25., 58, 71, 0, 16.,
    59, 118, 0, 46., 60, 8, 0, 16., 61, 6, 0, 23., 62, 149, 0, 28., 63,
    67, 0, 22., 64, 23, 0, 15., 65, 77, 0, 13., 66, 73, 0, 20., 67, 14,
    0, 20., 68, 70, 0, 17., 69, 9, 0, 24., 70, 25, 0, 26., 71, 40, 0, 8.,
    72, 69, 0, 14., 73, 151, 0, 54., 74, 62, 0, 27., 75, 64, 0, 23., 76,
    83, 0, 41., 77, 7, 0, 10., 78, 87, 0, 18., 79, 27, 0, 30., 80, 61, 0,
    9., 81, 90, 0, 16., 82, 259, 0, 48., 83, 346, 0, 41., 84, 25, 0, 25.,
    85, 157, 0, 61., 86, 66, 0, 36., 87, 37, 0, 22., 88, 133, 0, 52., 89,
    102, 0, 54., 90, 39, 0, 25., 91, 238, 0, 58., 92, 35, 0, 42., 93, 34,
    0, 27., 94, 76, 0, 44., 95, 95, 0, 46., 96, 139, 0, 44., 97, 108, 0,
    19., 98, 171, 0, 47., 99, 104, 0, 6., 100, 59, 0, 55., 101, 12, 0,
    52., 102, 79, 0, 19., 103, 6, 0, 64., 104, 276, 0, 50., 105, 136, 0,
    35., 106, 107, 0, 27., 107, 259, 0, 51., 108, 445, 0, 61., 109, 139,
    0, 37., 110, 163, 0, 42., 111, 142, 0, 31., 112, 24, 0, 27., 113,
    262, 0, 32., 114, 165, 0, 25., 115, 144, 0, 9., 116, 212, 0, 22.,
    117, 137, 0, 18., 118, 136, 0, 28., 119, 203, 0, 28., 120, 132, 0,
    30., 121, 190, 0, 31., 122, 302, 0, 54., 123, 114, 0, 10., 124, 120,
    0, 14., 125, 110, 0, 11., 126, 169, 0, 49., 127, 248, 0, 57., 128,
    172, 0, 38., 129, 472, 0, 62., 130, 45, 0, 55., 131, 2, 0, 26., 132,
    257, 0, 32., 133, 115, 0, 33., 134, 160, 0, 21., 135, 116, 0, 16.,
    136, 138, 0, 8., 137, 139, 0, 8., 138, 52, 0, 31., 139, 174, 0, 28.,
    140, 278, 0, 42., 141, 36, 0, 45., 142, 238, 0, 53., 143, 123, 0,
    24., 144, 153, 0, 19., 145, 148, 0, 28., 146, 161, 0, 19., 147, 129,
    0, 10., 148, 141, 0, 23., 149, 151, 0, 7., 150, 154, 0, 19., 151,
    170, 0, 12., 152, 51, 0, 60., 153, 232, 0, 48., 154, 156, 0, 45.,
    155, 125, 0, 28., 156, 268, 0, 58., 157, 109, 0, 27., 158, 112, 0,
    37., 159, 186, 0, 19., 160, 187, 0, 35., 161, 231, 0, 27., 162, 149,
    0, 28., 163, 147, 0, 10., 164, 134, 0, 24., 165, 158, 0, 21., 166,
    146, 0, 20., 167, 159, 0, 35., 168, 221, 0, 25., 169, 145, 0, 27.,
    170, 121, 0, 22., 171, 113, 0, 18., 172, 49, 0, 56., 173, 143, 0,
    31., 174, 122, 0, 3., 175, 166, 0, 11., 176, 163, 0, 15., 177, 61, 0,
    61., 178, 124, 0, 24., 179, 118, 0, 22., 180, 6, 0, 70., 181, 217, 0,
    33., 182, 240, 0, 53., 183, 193, 0, 18., 184, 293, 0, 56., 185, 328,
    0, 62., 186, 176, 0, 14., 187, 167, 0, 19., 188, 324, 0, 39., 189,
    175, 0, 14., 190, 173, 0, 47., 191, 128, 0, 33., 192, 173, 0, 4.,
    193, 155, 0, 11., 194, 206, 0, 36., 195, 146, 0, 54., 196, 103, 0,
    32., 197, 195, 0, 15., 198, 325, 0, 71., 199, 225, 0, 16., 200, 116,
    0, 39., 201, 257, 0, 32., 202, 256, 0, 17., 203, 131, 0, 59., 204,
    181, 0, 35., 205, 259, 0, 20., 206, 237, 0, 7., 207, 205, 0, 16.,
    208, 260, 0, 15., 209, 217, 0, 14., 210, 250, 0, 29., 211, 249, 0,
    10., 212, 152, 0, 44., 213, 176, 0, 55., 214, 233, 0, 28., 215, 204,
    0, 15., 216, 212, 0, 14., 217, 262, 0, 14., 218, 245, 0, 14., 219,
    248, 0, 22., 220, 267, 0, 16., 221, 222, 0, 34., 222, 265, 0, 17.,
    223, 244, 0, 6., 224, 201, 0, 20., 225, 334, 0, 36., 226, 223, 0,
    12., 227, 293, 0, 31., 228, 235, 0, 38., 229, 231, 0, 29., 230, 202,
    0, 32., 231, 234, 0, 38., 232, 229, 0, 15., 233, 200, 0, 21., 234,
    291, 0, 40., 235, 227, 0, 21., 236, 110, 0, 51., 237, 224, 0, 39.,
    238, 239, 0, 21., 239, 220, 0, 22., 240, 240, 0, 34., 241, 252, 0,
    11., 242, 251, 0, 19., 243, 24, 0, 39., 244, 211, 0, 26., 245, 163,
    0, 43., 246, 208, 0, 28., 247, 221, 0, 5., 248, 169, 0, 33., 249,
    278, 0, 20., 250, 135, 0, 47., 251, 279, 0, 34., 252, 236, 0, 19.,
    253, 311, 0, 63., 254, 228, 0, 19., 255, 228, 0, 41., 256, 209, 0,
    26., 257, 215, 0, 13., 258, 264, 0, 23., 259, 86, 0, 63., 260, 266,
    0, 23., 261, 203, 0, 39., 262, 79, 0, 49., 263, 279, 0, 48., 264,
    238, 0, 12., 265, 206, 0, 28., 266, 263, 0, 14., 267, 173, 0, 58.,
    268, 54, 0, 50., 269, 474, 0, 67., 270, 219, 0, 17., 271, 425, 0,
    30., 272, 272, 0, 10., 273, 147, 0, 60., 274, 334, 0, 45., 275, 278,
    0, 23., 276, 350, 0, 53., 277, 92, 0, 65., 278, 306, 0, 34., 279,
    280, 0, 19., 280, 326, 0, 58., 281, 249, 0, 17., 282, 283, 0, 20.,
    283, 329, 0, 18., 284, 275, 0, 36., 285, 322, 0, 22., 286, 312, 0,
    25., 287, 314, 0, 15., 288, 304, 0, 20., 289, 301, 0, 33., 290, 319,
    0, 37., 291, 237, 0, 27., 292, 298, 0, 17., 293, 324, 0, 11., 294,
    308, 0, 24., 295, 276, 0, 11., 296, 222, 0, 51., 297, 319, 0, 27.,
    298, 244, 0, 30., 299, 222, 0, 42., 300, 247, 0, 38., 301, 299, 0,
    14., 302, 277, 0, 16., 303, 201, 0, 30., 304, 261, 0, 51., 305, 215,
    0, 30., 306, 317, 0, 19., 307, 295, 0, 47., 308, 300, 0, 19., 309,
    112, 0, 43., 310, 281, 0, 31., 311, 274, 0, 56., 312, 320, 0, 25.,
    313, 311, 0, 31., 314, 284, 0, 14., 315, 332, 0, 23., 316, 318, 0,
    19., 317, 279, 0, 48., 318, 279, 0, 15., 319, 316, 0, 13., 320, 291,
    0, 33., 321, 309, 0, 32., 322, 113, 0, 68., 323, 379, 0, 54., 324,
    290, 0, 43., 325, 328, 0, 28., 326, 336, 0, 16., 327, 327, 0, 70.,
    328, 327, 0, 29., 329, 323, 0, 22., 330, 425, 0, 28., 331, 295, 0,
    63., 332, 330, 0, 20., 333, 263, 0, 69., 334, 335, 0, 15., 335, 219,
    0, 63., 336, 235, 0, 60., 337, 353, 0, 20., 338, 360, 0, 25., 339,
    371, 0, 10., 340, 415, 0, 60., 341, 339, 0, 16., 342, 347, 0, 43.,
    343, 358, 0, 38., 344, 343, 0, 16., 345, 369, 0, 9., 346, 274, 0,
    64., 347, 326, 0, 60., 348, 354, 0, 39., 349, 379, 0, 32., 350, 282,
    0, 36., 351, 346, 0, 9., 352, 372, 0, 24., 353, 349, 0, 34., 354,
    388, 0, 33., 355, 473, 0, 74., 356, 102, 0, 57., 357, 363, 0, 14.,
    358, 355, 0, 9., 359, 344, 0, 43., 360, 337, 0, 14., 361, 385, 0,
    22., 362, 359, 0, 18., 363, 369, 0, 48., 364, 366, 0, 27., 365, 352,
    0, 47., 366, 375, 0, 24., 367, 380, 0, 17., 368, 341, 0, 21., 369,
    345, 0, 21., 370, 366, 0, 28., 371, 348, 0, 38., 372, 410, 0, 70.,
    373, 351, 0, 31., 374, 340, 0, 10., 375, 255, 0, 63., 376, 367, 0,
    25., 377, 386, 0, 37., 378, 338, 0, 14., 379, 334, 0, 51., 380, 423,
    0, 34., 381, 424, 0, 31., 382, 362, 0, 27., 383, 258, 0, 63., 384,
    384, 0, 26., 385, 374, 0, 21., 386, 405, 0, 25., 387, 324, 0, 22.,
    388, 377, 0, 10., 389, 410, 0, 24., 390, 408, 0, 16., 391, 393, 0,
    62., 392, 392, 0, 12., 393, 388, 0, 59., 394, 419, 0, 9., 395, 358,
    0, 63., 396, 402, 0, 38., 397, 409, 0, 29., 398, 447, 0, 43., 399,
    390, 0, 40., 400, 394, 0, 51., 401, 389, 0, 34., 402, 407, 0, 39.,
    403, 423, 0, 37., 404, 302, 0, 51., 405, 431, 0, 35., 406, 414, 0,
    48., 407, 411, 0, 38., 408, 400, 0, 15., 409, 415, 0, 20., 410, 376,
    0, 42., 411, 416, 0, 33., 412, 417, 0, 30., 413, 399, 0, 27., 414,
    398, 0, 36., 415, 391, 0, 20., 416, 446, 0, 30., 417, 371, 0, 55.,
    418, 396, 0, 17., 419, 420, 0, 21., 420, 421, 0, 28., 421, 428, 0,
    14., 422, 429, 0, 45., 423, 248, 0, 75., 424, 348, 0, 43., 425, 20,
    0, 62., 426, 432, 0, 32., 427, 395, 0, 22., 428, 405, 0, 21., 429,
